random_state,initial_indices,selected_indices_per_step,actual_rewards_per_step,predicted_rewards_per_step
0,[54],"[0, 3, 2, 4, 13, 32, 17, 12, 1, 58, 5, 25, 6, 11, 10, 15, 8, 14, 9, 50, 16, 7, 31, 59, 49, 28, 30, 27, 26, 38, 46, 29, 53, 45, 35, 20, 24, 23, 22, 21, 19, 51, 18, 37, 36, 57, 42, 55, 56, 48, 52, 34, 33, 47, 44, 41, 40, 43, 39]","[95.0, 10.0, 97.0, 33.0, 63.0, 99.0, 7.0, 50.0, 98.0, 1.0, 71.0, 16.0, 95.0, 97.0, 98.0, 10.0, 39.0, 49.0, 80.0, 0.0, 98.0, 28.0, 55.0, 0.0, 99.0, 97.0, 99.0, 99.0, 99.0, 19.0, 16.0, 99.0, 3.0, 2.0, 43.0, 82.0, 85.0, 4.0, 97.0, 99.0, 99.0, 4.0, 92.0, 50.0, 1.0, 1.0, 2.0, 0.0, 2.0, 8.0, 1.0, 2.0, 1.0, 9.0, 2.0, 7.0, 9.0, 1.0, 2.0]","[56.0, 84.47, 66.62, 82.77, 75.41, 71.58, 77.95, 81.96, 70.05, 73.36, 69.92, 71.56, 64.47, 77.48, 81.5, 75.16, 73.02, 71.56, 58.26, 58.74, 56.68, 53.31, 53.41, 47.54, 58.53, 49.4, 76.74, 87.72, 89.02, 72.16, 57.23, 56.07, 54.54, 53.3, 46.02, 52.97, 71.14, 70.69, 60.39, 73.75, 84.56, 59.83, 66.56, 64.72, 44.19, 35.91, 32.04, 31.56, 28.4, 28.57, 23.83, 20.89, 18.76, 16.32, 13.14, 8.44, 5.74, 5.22, 3.62]"
1,[8],"[0, 3, 26, 27, 30, 28, 19, 20, 24, 21, 22, 18, 37, 17, 23, 49, 36, 58, 46, 56, 2, 12, 16, 11, 15, 6, 1, 38, 7, 9, 10, 13, 32, 4, 14, 50, 29, 31, 51, 45, 5, 53, 59, 25, 35, 33, 34, 48, 57, 55, 52, 47, 41, 44, 54, 42, 43, 40, 39]","[95.0, 10.0, 99.0, 99.0, 99.0, 97.0, 99.0, 82.0, 85.0, 99.0, 97.0, 92.0, 50.0, 7.0, 4.0, 99.0, 1.0, 1.0, 16.0, 2.0, 97.0, 50.0, 98.0, 97.0, 10.0, 95.0, 98.0, 19.0, 28.0, 80.0, 98.0, 63.0, 99.0, 33.0, 49.0, 0.0, 99.0, 55.0, 4.0, 2.0, 71.0, 3.0, 0.0, 16.0, 43.0, 1.0, 2.0, 8.0, 1.0, 0.0, 1.0, 9.0, 7.0, 2.0, 56.0, 2.0, 1.0, 9.0, 2.0]","[39.0, 77.64, 65.7, 82.14, 94.0, 94.92, 89.35, 95.82, 93.09, 88.64, 93.32, 89.15, 88.08, 86.59, 79.72, 69.72, 70.32, 59.4, 54.1, 49.02, 46.4, 53.91, 53.12, 67.24, 79.85, 72.1, 70.78, 76.49, 72.5, 69.48, 62.11, 66.86, 68.76, 63.43, 57.75, 51.35, 47.06, 57.96, 53.98, 44.38, 47.43, 45.39, 44.4, 36.98, 37.96, 28.32, 21.87, 24.72, 23.98, 23.2, 21.51, 15.74, 8.96, 11.63, 10.41, 15.69, 6.71, 5.37, 4.78]"
2,[55],"[0, 3, 31, 36, 28, 27, 30, 26, 19, 20, 24, 22, 21, 18, 17, 23, 49, 37, 2, 13, 12, 4, 16, 10, 11, 15, 38, 9, 6, 8, 14, 32, 1, 7, 46, 51, 50, 5, 25, 58, 29, 53, 45, 35, 59, 34, 48, 57, 56, 52, 33, 42, 47, 41, 40, 44, 39, 54, 43]","[95.0, 10.0, 55.0, 1.0, 97.0, 99.0, 99.0, 99.0, 99.0, 82.0, 85.0, 97.0, 99.0, 92.0, 7.0, 4.0, 99.0, 50.0, 97.0, 63.0, 50.0, 33.0, 98.0, 98.0, 97.0, 10.0, 19.0, 80.0, 95.0, 39.0, 49.0, 99.0, 98.0, 28.0, 16.0, 4.0, 0.0, 71.0, 16.0, 1.0, 99.0, 3.0, 2.0, 43.0, 0.0, 2.0, 8.0, 1.0, 2.0, 1.0, 1.0, 2.0, 9.0, 7.0, 9.0, 2.0, 2.0, 56.0, 1.0]","[0.0, 64.6, 58.85, 62.15, 56.26, 77.39, 83.92, 87.13, 75.49, 87.06, 88.64, 86.56, 94.26, 89.0, 85.14, 84.41, 53.42, 75.95, 54.64, 71.2, 65.53, 66.96, 58.51, 70.3, 72.94, 83.34, 70.95, 63.78, 67.4, 73.32, 61.56, 58.39, 67.27, 65.33, 61.11, 54.98, 51.83, 42.77, 41.3, 42.99, 38.08, 42.31, 33.6, 35.24, 28.46, 27.48, 26.36, 24.64, 27.62, 22.4, 17.42, 13.21, 13.84, 10.0, 8.59, 7.67, 4.95, 6.19, 5.37]"
3,[15],"[0, 28, 36, 30, 27, 26, 19, 20, 24, 21, 22, 18, 23, 17, 49, 37, 3, 2, 13, 1, 8, 32, 58, 12, 38, 46, 45, 31, 9, 4, 6, 11, 7, 10, 16, 14, 5, 29, 51, 25, 50, 53, 59, 35, 57, 34, 48, 56, 52, 33, 55, 41, 42, 47, 44, 40, 39, 43, 54]","[95.0, 97.0, 1.0, 99.0, 99.0, 99.0, 99.0, 82.0, 85.0, 99.0, 97.0, 92.0, 4.0, 7.0, 99.0, 50.0, 10.0, 97.0, 63.0, 98.0, 39.0, 99.0, 1.0, 50.0, 19.0, 16.0, 2.0, 55.0, 80.0, 33.0, 95.0, 97.0, 28.0, 98.0, 98.0, 49.0, 71.0, 99.0, 4.0, 16.0, 0.0, 3.0, 0.0, 43.0, 1.0, 2.0, 8.0, 2.0, 1.0, 1.0, 0.0, 7.0, 2.0, 9.0, 2.0, 9.0, 2.0, 1.0, 56.0]","[10.0, 65.25, 77.81, 76.37, 90.82, 89.61, 71.25, 92.39, 91.42, 90.42, 93.68, 88.47, 85.96, 73.41, 67.45, 76.28, 76.42, 48.77, 73.16, 69.42, 74.7, 68.6, 68.65, 67.51, 61.63, 55.41, 52.0, 53.0, 49.41, 54.73, 53.59, 62.0, 67.79, 60.51, 65.61, 60.82, 50.88, 44.45, 61.99, 41.79, 44.73, 40.16, 37.34, 30.69, 30.23, 27.78, 23.41, 24.28, 19.52, 18.85, 19.77, 15.67, 13.87, 11.8, 6.74, 5.58, 4.87, 3.76, 2.98]"
4,[15],"[0, 28, 36, 30, 27, 26, 19, 20, 24, 21, 22, 18, 23, 17, 49, 37, 3, 2, 13, 1, 8, 32, 58, 12, 38, 46, 45, 31, 9, 4, 6, 11, 7, 10, 16, 14, 5, 29, 51, 25, 50, 53, 59, 35, 57, 34, 48, 56, 52, 33, 55, 41, 42, 47, 44, 40, 39, 43, 54]","[95.0, 97.0, 1.0, 99.0, 99.0, 99.0, 99.0, 82.0, 85.0, 99.0, 97.0, 92.0, 4.0, 7.0, 99.0, 50.0, 10.0, 97.0, 63.0, 98.0, 39.0, 99.0, 1.0, 50.0, 19.0, 16.0, 2.0, 55.0, 80.0, 33.0, 95.0, 97.0, 28.0, 98.0, 98.0, 49.0, 71.0, 99.0, 4.0, 16.0, 0.0, 3.0, 0.0, 43.0, 1.0, 2.0, 8.0, 2.0, 1.0, 1.0, 0.0, 7.0, 2.0, 9.0, 2.0, 9.0, 2.0, 1.0, 56.0]","[10.0, 65.25, 77.81, 76.37, 90.82, 89.61, 71.25, 92.39, 91.42, 90.42, 93.68, 88.47, 85.96, 73.41, 67.45, 76.28, 76.42, 48.77, 73.16, 69.42, 74.7, 68.6, 68.65, 67.51, 61.63, 55.41, 52.0, 53.0, 49.41, 54.73, 53.59, 62.0, 67.79, 60.51, 65.61, 60.82, 50.88, 44.45, 61.99, 41.79, 44.73, 40.16, 37.34, 30.69, 30.23, 27.78, 23.41, 24.28, 19.52, 18.85, 19.77, 15.67, 13.87, 11.8, 6.74, 5.58, 4.87, 3.76, 2.98]"
5,[39],"[0, 3, 12, 2, 8, 13, 32, 1, 48, 58, 10, 4, 16, 14, 11, 6, 15, 31, 9, 7, 50, 59, 49, 5, 29, 22, 21, 17, 18, 28, 27, 20, 38, 30, 26, 19, 24, 23, 37, 53, 46, 51, 45, 36, 35, 25, 57, 34, 52, 56, 47, 33, 55, 41, 42, 54, 44, 43, 40]","[95.0, 10.0, 50.0, 97.0, 39.0, 63.0, 99.0, 98.0, 8.0, 1.0, 98.0, 33.0, 98.0, 49.0, 97.0, 95.0, 10.0, 55.0, 80.0, 28.0, 0.0, 0.0, 99.0, 71.0, 99.0, 97.0, 99.0, 7.0, 92.0, 97.0, 99.0, 82.0, 19.0, 99.0, 99.0, 99.0, 85.0, 4.0, 50.0, 3.0, 16.0, 4.0, 2.0, 1.0, 43.0, 16.0, 1.0, 2.0, 1.0, 2.0, 9.0, 1.0, 0.0, 7.0, 2.0, 56.0, 2.0, 1.0, 9.0]","[2.0, 69.89, 60.73, 64.23, 75.1, 67.32, 69.86, 68.32, 77.05, 76.62, 60.58, 78.42, 69.36, 74.24, 78.04, 69.31, 75.89, 66.09, 64.99, 59.54, 53.39, 54.37, 54.83, 57.91, 58.1, 56.86, 81.9, 89.44, 69.32, 60.17, 85.43, 88.57, 90.75, 85.59, 91.0, 83.07, 92.99, 83.58, 48.39, 50.02, 45.38, 45.39, 34.67, 37.45, 35.51, 35.28, 24.55, 24.33, 24.43, 16.17, 16.78, 15.53, 15.26, 11.54, 8.09, 7.83, 10.19, 5.34, 5.68]"
6,[50],"[0, 3, 2, 4, 55, 28, 27, 26, 30, 23, 53, 24, 18, 20, 22, 21, 19, 17, 37, 36, 49, 12, 16, 10, 15, 29, 11, 38, 6, 51, 8, 13, 1, 32, 14, 31, 9, 7, 45, 46, 58, 5, 59, 35, 25, 57, 34, 52, 48, 41, 56, 33, 47, 44, 54, 42, 40, 43, 39]","[95.0, 10.0, 97.0, 33.0, 0.0, 97.0, 99.0, 99.0, 99.0, 4.0, 3.0, 85.0, 92.0, 82.0, 97.0, 99.0, 99.0, 7.0, 50.0, 1.0, 99.0, 50.0, 98.0, 98.0, 10.0, 99.0, 97.0, 19.0, 95.0, 4.0, 39.0, 63.0, 98.0, 99.0, 49.0, 55.0, 80.0, 28.0, 2.0, 16.0, 1.0, 71.0, 0.0, 43.0, 16.0, 1.0, 2.0, 1.0, 8.0, 7.0, 2.0, 1.0, 9.0, 2.0, 56.0, 2.0, 9.0, 1.0, 2.0]","[0.0, 68.4, 54.75, 72.34, 75.29, 71.79, 77.0, 90.25, 95.63, 81.65, 58.97, 44.15, 64.64, 74.65, 71.17, 79.65, 88.3, 66.17, 70.4, 53.97, 53.14, 52.48, 51.07, 58.38, 70.96, 54.62, 55.36, 65.87, 65.46, 61.49, 53.93, 49.57, 54.54, 61.51, 63.8, 53.45, 55.03, 56.99, 45.3, 47.49, 49.22, 47.71, 37.57, 38.42, 32.27, 28.81, 27.89, 28.93, 23.91, 20.13, 20.8, 17.07, 11.58, 10.56, 8.95, 17.62, 6.49, 4.71, 3.35]"
7,[20],"[0, 3, 26, 56, 28, 27, 30, 19, 24, 21, 22, 18, 17, 23, 37, 46, 2, 1, 12, 58, 4, 8, 13, 32, 49, 38, 31, 48, 5, 15, 10, 6, 16, 9, 11, 7, 14, 53, 50, 25, 45, 29, 51, 59, 35, 34, 57, 52, 36, 55, 33, 47, 42, 41, 44, 54, 40, 43, 39]","[95.0, 10.0, 99.0, 2.0, 97.0, 99.0, 99.0, 99.0, 85.0, 99.0, 97.0, 92.0, 7.0, 4.0, 50.0, 16.0, 97.0, 98.0, 50.0, 1.0, 33.0, 39.0, 63.0, 99.0, 99.0, 19.0, 55.0, 8.0, 71.0, 10.0, 98.0, 95.0, 98.0, 80.0, 97.0, 28.0, 49.0, 3.0, 0.0, 16.0, 2.0, 99.0, 4.0, 0.0, 43.0, 2.0, 1.0, 1.0, 1.0, 0.0, 1.0, 9.0, 2.0, 7.0, 2.0, 56.0, 9.0, 1.0, 2.0]","[82.0, 90.97, 81.97, 87.07, 84.86, 92.62, 90.14, 84.16, 92.71, 90.91, 90.53, 89.0, 89.34, 83.46, 59.32, 58.56, 57.57, 79.49, 82.41, 72.05, 70.04, 60.09, 54.11, 65.49, 48.08, 46.58, 45.25, 46.92, 48.1, 57.53, 46.71, 61.88, 70.74, 68.52, 65.17, 62.86, 62.25, 46.5, 46.53, 46.0, 42.81, 41.54, 53.63, 38.8, 32.45, 30.8, 26.57, 24.64, 20.81, 25.97, 19.06, 14.23, 12.19, 11.12, 8.62, 8.41, 4.88, 5.47, 3.44]"
8,[14],"[0, 26, 30, 27, 28, 19, 20, 24, 35, 21, 22, 18, 49, 3, 58, 23, 37, 36, 46, 17, 12, 2, 4, 8, 45, 13, 32, 1, 15, 31, 29, 51, 16, 10, 9, 6, 38, 11, 7, 5, 50, 53, 25, 59, 57, 48, 52, 56, 34, 33, 55, 42, 41, 47, 44, 40, 54, 43, 39]","[95.0, 99.0, 99.0, 99.0, 97.0, 99.0, 82.0, 85.0, 43.0, 99.0, 97.0, 92.0, 99.0, 10.0, 1.0, 4.0, 50.0, 1.0, 16.0, 7.0, 50.0, 97.0, 33.0, 39.0, 2.0, 63.0, 99.0, 98.0, 10.0, 55.0, 99.0, 4.0, 98.0, 98.0, 80.0, 95.0, 19.0, 97.0, 28.0, 71.0, 0.0, 3.0, 16.0, 0.0, 1.0, 8.0, 1.0, 2.0, 2.0, 1.0, 0.0, 2.0, 7.0, 9.0, 2.0, 9.0, 56.0, 1.0, 2.0]","[49.0, 80.28, 93.84, 97.6, 94.94, 93.0, 98.24, 94.11, 92.13, 92.91, 96.24, 89.95, 83.76, 87.36, 86.12, 82.11, 81.49, 61.86, 58.91, 63.13, 50.69, 51.12, 64.61, 57.52, 59.27, 55.54, 56.49, 51.44, 51.18, 48.71, 46.4, 54.01, 45.69, 55.6, 63.1, 70.43, 75.05, 61.63, 62.26, 49.02, 47.49, 45.71, 40.03, 34.05, 30.02, 28.02, 25.09, 24.6, 21.4, 24.17, 17.67, 13.41, 11.51, 12.88, 6.29, 4.8, 4.8, 6.02, 4.18]"
9,[29],"[0, 17, 3, 16, 14, 9, 6, 11, 10, 4, 2, 15, 13, 8, 50, 32, 31, 59, 49, 28, 27, 26, 30, 53, 38, 12, 7, 45, 46, 5, 35, 1, 24, 20, 19, 21, 23, 22, 18, 51, 37, 58, 36, 57, 25, 52, 34, 48, 33, 56, 55, 47, 41, 43, 40, 44, 54, 42, 39]","[95.0, 7.0, 10.0, 98.0, 49.0, 80.0, 95.0, 97.0, 98.0, 33.0, 97.0, 10.0, 63.0, 39.0, 0.0, 99.0, 55.0, 0.0, 99.0, 97.0, 99.0, 99.0, 99.0, 3.0, 19.0, 50.0, 28.0, 2.0, 16.0, 71.0, 43.0, 98.0, 85.0, 82.0, 99.0, 99.0, 4.0, 97.0, 92.0, 4.0, 50.0, 1.0, 1.0, 1.0, 16.0, 1.0, 2.0, 8.0, 1.0, 2.0, 0.0, 9.0, 7.0, 1.0, 9.0, 2.0, 56.0, 2.0, 2.0]","[99.0, 97.72, 85.56, 73.91, 86.74, 79.08, 76.07, 82.83, 87.85, 84.08, 75.22, 84.1, 75.04, 70.36, 65.68, 62.3, 70.8, 56.34, 60.62, 72.3, 70.75, 71.52, 89.01, 59.99, 65.34, 50.33, 51.51, 52.39, 40.99, 39.75, 37.68, 34.57, 55.28, 73.18, 66.21, 82.33, 82.83, 89.63, 64.9, 60.68, 53.83, 50.76, 36.61, 34.19, 31.86, 27.87, 23.52, 22.44, 20.71, 19.03, 21.59, 13.1, 10.2, 10.33, 6.17, 6.49, 4.96, 18.64, 4.67]"
10,[36],"[0, 2, 13, 1, 45, 32, 10, 11, 5, 15, 31, 6, 9, 4, 14, 58, 12, 7, 3, 50, 49, 17, 16, 59, 46, 57, 28, 30, 27, 26, 35, 38, 8, 21, 24, 20, 19, 23, 22, 18, 37, 53, 51, 25, 29, 48, 52, 33, 55, 34, 56, 47, 41, 44, 40, 54, 42, 39, 43]","[95.0, 97.0, 63.0, 98.0, 2.0, 99.0, 98.0, 97.0, 71.0, 10.0, 55.0, 95.0, 80.0, 33.0, 49.0, 1.0, 50.0, 28.0, 10.0, 0.0, 99.0, 7.0, 98.0, 0.0, 16.0, 1.0, 97.0, 99.0, 99.0, 99.0, 43.0, 19.0, 39.0, 99.0, 85.0, 82.0, 99.0, 4.0, 97.0, 92.0, 50.0, 3.0, 4.0, 16.0, 99.0, 8.0, 1.0, 1.0, 0.0, 2.0, 2.0, 9.0, 7.0, 2.0, 9.0, 56.0, 2.0, 2.0, 1.0]","[1.0, 63.04, 80.82, 78.44, 85.18, 82.36, 78.01, 81.31, 87.33, 90.27, 84.26, 84.75, 81.25, 73.8, 66.78, 67.24, 69.78, 58.35, 56.14, 53.08, 54.45, 57.95, 59.89, 39.85, 41.2, 40.74, 36.69, 73.75, 85.23, 89.1, 73.16, 59.19, 51.79, 39.4, 72.14, 82.4, 78.87, 81.46, 81.52, 66.74, 45.29, 38.38, 34.37, 41.48, 27.08, 28.8, 25.31, 23.61, 17.94, 16.33, 13.79, 11.31, 10.4, 6.88, 4.34, 5.14, 16.37, 4.97, 3.1]"
11,[28],"[0, 30, 20, 53, 27, 26, 24, 21, 22, 19, 35, 18, 49, 23, 3, 58, 37, 12, 17, 15, 46, 56, 48, 2, 1, 8, 32, 13, 45, 5, 4, 31, 51, 11, 6, 16, 38, 9, 10, 7, 14, 25, 50, 59, 29, 36, 57, 34, 52, 41, 55, 42, 33, 47, 54, 44, 40, 39, 43]","[95.0, 99.0, 82.0, 3.0, 99.0, 99.0, 85.0, 99.0, 97.0, 99.0, 43.0, 92.0, 99.0, 4.0, 10.0, 1.0, 50.0, 50.0, 7.0, 10.0, 16.0, 2.0, 8.0, 97.0, 98.0, 39.0, 99.0, 63.0, 2.0, 71.0, 33.0, 55.0, 4.0, 97.0, 95.0, 98.0, 19.0, 80.0, 98.0, 28.0, 49.0, 16.0, 0.0, 0.0, 99.0, 1.0, 1.0, 2.0, 1.0, 7.0, 0.0, 2.0, 1.0, 9.0, 56.0, 2.0, 9.0, 2.0, 1.0]","[97.0, 96.38, 97.62, 93.79, 93.28, 94.9, 85.66, 85.21, 94.89, 96.08, 90.03, 89.86, 81.34, 84.47, 78.84, 65.75, 65.27, 61.03, 58.68, 59.51, 49.47, 52.32, 48.74, 45.57, 53.1, 59.19, 54.58, 68.09, 44.7, 45.0, 47.89, 44.72, 43.96, 43.14, 61.45, 60.25, 65.86, 63.2, 70.91, 61.62, 60.15, 46.53, 45.43, 38.17, 30.05, 34.44, 29.0, 24.5, 22.21, 18.98, 18.35, 13.8, 13.22, 12.27, 6.97, 11.95, 6.42, 3.99, 3.86]"
12,[30],"[0, 18, 28, 27, 26, 23, 3, 53, 21, 22, 19, 24, 20, 17, 37, 49, 46, 55, 56, 2, 12, 8, 4, 15, 13, 32, 1, 31, 48, 58, 16, 6, 9, 38, 10, 11, 7, 14, 5, 29, 51, 35, 25, 45, 50, 33, 36, 59, 57, 52, 34, 47, 41, 54, 42, 44, 40, 39, 43]","[95.0, 92.0, 97.0, 99.0, 99.0, 4.0, 10.0, 3.0, 99.0, 97.0, 99.0, 85.0, 82.0, 7.0, 50.0, 99.0, 16.0, 0.0, 2.0, 97.0, 50.0, 39.0, 33.0, 10.0, 63.0, 99.0, 98.0, 55.0, 8.0, 1.0, 98.0, 95.0, 80.0, 19.0, 98.0, 97.0, 28.0, 49.0, 71.0, 99.0, 4.0, 43.0, 16.0, 2.0, 0.0, 1.0, 1.0, 0.0, 1.0, 1.0, 2.0, 9.0, 7.0, 56.0, 2.0, 2.0, 9.0, 2.0, 1.0]","[99.0, 97.76, 97.17, 96.73, 97.3, 96.54, 87.6, 79.25, 67.51, 85.23, 94.04, 95.78, 77.68, 74.54, 70.69, 55.35, 55.53, 58.7, 55.18, 45.57, 61.59, 58.16, 50.83, 50.56, 52.27, 51.81, 63.54, 53.88, 45.55, 46.97, 44.4, 58.38, 70.43, 70.6, 65.89, 62.09, 68.41, 49.98, 52.06, 48.84, 63.73, 40.2, 42.23, 37.94, 37.24, 35.11, 33.65, 32.84, 22.91, 20.78, 24.23, 13.87, 12.29, 10.53, 20.51, 9.97, 7.02, 4.11, 3.98]"
13,[16],"[0, 29, 39, 3, 2, 10, 4, 13, 14, 11, 15, 6, 31, 9, 32, 50, 8, 17, 59, 49, 28, 27, 30, 26, 53, 38, 12, 46, 7, 1, 45, 24, 20, 19, 21, 23, 22, 18, 58, 51, 37, 5, 36, 25, 57, 52, 48, 55, 35, 34, 56, 33, 47, 41, 44, 54, 42, 43, 40]","[95.0, 99.0, 2.0, 10.0, 97.0, 98.0, 33.0, 63.0, 49.0, 97.0, 10.0, 95.0, 55.0, 80.0, 99.0, 0.0, 39.0, 7.0, 0.0, 99.0, 97.0, 99.0, 99.0, 99.0, 3.0, 19.0, 50.0, 16.0, 28.0, 98.0, 2.0, 85.0, 82.0, 99.0, 99.0, 4.0, 97.0, 92.0, 1.0, 4.0, 50.0, 71.0, 1.0, 16.0, 1.0, 1.0, 8.0, 0.0, 43.0, 2.0, 2.0, 1.0, 9.0, 7.0, 2.0, 56.0, 2.0, 1.0, 9.0]","[98.0, 96.86, 97.62, 91.99, 77.21, 85.86, 90.37, 81.74, 76.57, 71.53, 80.5, 74.51, 75.71, 77.32, 66.16, 67.55, 65.71, 58.39, 55.73, 60.95, 63.64, 59.54, 75.4, 87.89, 66.25, 53.21, 53.26, 45.74, 44.28, 46.14, 62.29, 53.54, 68.79, 66.72, 81.72, 79.8, 79.62, 69.4, 55.32, 48.02, 52.02, 46.76, 45.27, 31.06, 30.33, 27.5, 24.82, 19.66, 26.76, 21.67, 16.58, 12.87, 13.2, 7.85, 7.4, 6.87, 15.21, 5.36, 5.02]"
14,[6],"[0, 1, 18, 32, 13, 7, 35, 2, 12, 58, 15, 17, 36, 10, 14, 31, 5, 11, 4, 49, 9, 22, 21, 50, 29, 3, 24, 20, 19, 23, 16, 30, 26, 38, 27, 28, 51, 8, 37, 45, 46, 53, 59, 25, 48, 57, 56, 33, 34, 52, 55, 47, 41, 44, 54, 42, 43, 40, 39]","[95.0, 98.0, 92.0, 99.0, 63.0, 28.0, 43.0, 97.0, 50.0, 1.0, 10.0, 7.0, 1.0, 98.0, 49.0, 55.0, 71.0, 97.0, 33.0, 99.0, 80.0, 97.0, 99.0, 0.0, 99.0, 10.0, 85.0, 82.0, 99.0, 4.0, 98.0, 99.0, 99.0, 19.0, 99.0, 97.0, 4.0, 39.0, 50.0, 2.0, 16.0, 3.0, 0.0, 16.0, 8.0, 1.0, 2.0, 1.0, 2.0, 1.0, 0.0, 9.0, 7.0, 2.0, 56.0, 2.0, 1.0, 9.0, 2.0]","[95.0, 95.0, 96.53, 96.26, 97.44, 94.51, 88.66, 85.78, 85.24, 83.33, 75.98, 71.16, 71.08, 64.23, 71.23, 67.37, 67.24, 70.76, 68.57, 65.6, 66.53, 55.75, 65.9, 54.58, 56.41, 54.94, 56.92, 77.03, 74.79, 80.7, 69.53, 60.49, 84.99, 82.34, 72.35, 91.32, 59.14, 51.73, 47.09, 51.1, 45.12, 41.69, 39.82, 32.57, 30.47, 28.43, 26.06, 24.85, 20.19, 20.37, 15.47, 13.42, 13.73, 7.28, 7.43, 14.09, 4.81, 3.73, 4.75]"
15,[13],"[0, 26, 30, 27, 28, 21, 19, 20, 22, 24, 37, 51, 18, 1, 2, 12, 23, 49, 4, 32, 29, 8, 31, 17, 3, 38, 36, 55, 14, 46, 45, 9, 10, 16, 6, 11, 15, 7, 50, 5, 58, 25, 53, 35, 52, 57, 34, 48, 59, 56, 41, 43, 33, 47, 44, 54, 42, 40, 39]","[95.0, 99.0, 99.0, 99.0, 97.0, 99.0, 99.0, 82.0, 97.0, 85.0, 50.0, 4.0, 92.0, 98.0, 97.0, 50.0, 4.0, 99.0, 33.0, 99.0, 99.0, 39.0, 55.0, 7.0, 10.0, 19.0, 1.0, 0.0, 49.0, 16.0, 2.0, 80.0, 98.0, 98.0, 95.0, 97.0, 10.0, 28.0, 0.0, 71.0, 1.0, 16.0, 3.0, 43.0, 1.0, 1.0, 2.0, 8.0, 0.0, 2.0, 7.0, 1.0, 1.0, 9.0, 2.0, 56.0, 2.0, 9.0, 2.0]","[63.0, 86.04, 94.6, 97.4, 95.96, 93.9, 98.24, 98.46, 97.43, 96.23, 94.8, 93.69, 86.98, 82.81, 89.03, 89.15, 84.02, 82.04, 79.34, 79.11, 81.93, 76.07, 74.81, 68.9, 73.95, 64.43, 62.08, 65.27, 50.67, 53.47, 50.58, 51.17, 59.11, 64.98, 67.8, 70.96, 67.23, 61.45, 48.48, 44.46, 43.27, 42.94, 41.08, 30.93, 28.32, 26.76, 27.76, 26.4, 25.18, 20.89, 18.45, 13.54, 13.26, 9.63, 7.54, 6.47, 11.31, 7.08, 4.18]"
16,[23],"[0, 3, 2, 10, 4, 13, 16, 55, 46, 14, 32, 31, 49, 28, 29, 53, 12, 9, 15, 6, 8, 50, 11, 27, 26, 30, 38, 7, 59, 1, 35, 45, 5, 22, 21, 24, 19, 20, 51, 18, 17, 37, 36, 58, 25, 56, 48, 34, 57, 52, 33, 47, 41, 54, 42, 44, 40, 39, 43]","[95.0, 10.0, 97.0, 98.0, 33.0, 63.0, 98.0, 0.0, 16.0, 49.0, 99.0, 55.0, 99.0, 97.0, 99.0, 3.0, 50.0, 80.0, 10.0, 95.0, 39.0, 0.0, 97.0, 99.0, 99.0, 99.0, 19.0, 28.0, 0.0, 98.0, 43.0, 2.0, 71.0, 97.0, 99.0, 85.0, 99.0, 82.0, 4.0, 92.0, 7.0, 50.0, 1.0, 1.0, 16.0, 2.0, 8.0, 2.0, 1.0, 1.0, 1.0, 9.0, 7.0, 56.0, 2.0, 2.0, 9.0, 2.0, 1.0]","[4.0, 66.79, 59.98, 84.79, 91.46, 79.68, 78.39, 78.08, 63.13, 66.95, 57.8, 73.09, 61.8, 69.83, 67.66, 71.01, 50.63, 53.31, 61.33, 56.15, 57.04, 52.95, 57.25, 62.1, 74.64, 86.43, 52.46, 44.08, 47.25, 39.15, 49.4, 43.59, 44.86, 43.11, 68.68, 82.78, 88.8, 83.07, 75.34, 78.86, 68.67, 55.67, 45.85, 36.38, 32.27, 28.54, 25.08, 24.77, 19.65, 23.95, 15.21, 11.9, 11.42, 7.81, 22.57, 10.59, 4.83, 4.18, 4.41]"
17,[33],"[0, 3, 2, 13, 8, 12, 55, 32, 4, 31, 48, 28, 26, 30, 27, 49, 16, 10, 46, 29, 14, 15, 53, 9, 19, 24, 20, 21, 22, 18, 23, 17, 37, 1, 6, 38, 11, 7, 51, 50, 5, 25, 36, 58, 45, 35, 52, 34, 57, 59, 56, 47, 42, 41, 44, 54, 40, 43, 39]","[95.0, 10.0, 97.0, 63.0, 39.0, 50.0, 0.0, 99.0, 33.0, 55.0, 8.0, 97.0, 99.0, 99.0, 99.0, 99.0, 98.0, 98.0, 16.0, 99.0, 49.0, 10.0, 3.0, 80.0, 99.0, 85.0, 82.0, 99.0, 97.0, 92.0, 4.0, 7.0, 50.0, 98.0, 95.0, 19.0, 97.0, 28.0, 4.0, 0.0, 71.0, 16.0, 1.0, 1.0, 2.0, 43.0, 1.0, 2.0, 1.0, 0.0, 2.0, 9.0, 2.0, 7.0, 2.0, 56.0, 9.0, 1.0, 2.0]","[1.0, 63.98, 61.35, 81.22, 74.37, 75.01, 65.7, 66.75, 71.56, 68.29, 65.89, 56.69, 64.85, 86.58, 94.6, 67.1, 61.3, 73.72, 72.42, 68.44, 68.49, 65.99, 58.61, 52.77, 53.29, 82.45, 85.45, 86.87, 92.47, 85.68, 81.14, 74.29, 64.08, 62.56, 72.71, 71.82, 63.48, 65.95, 50.35, 44.88, 39.92, 39.86, 40.74, 37.49, 36.93, 31.34, 23.86, 25.01, 24.43, 26.76, 17.02, 13.1, 9.9, 9.63, 6.57, 7.13, 5.97, 5.29, 4.24]"
18,[11],"[0, 55, 46, 32, 31, 4, 2, 28, 29, 13, 49, 16, 14, 26, 30, 27, 10, 15, 35, 53, 3, 8, 17, 12, 9, 6, 38, 50, 5, 25, 24, 20, 19, 21, 22, 23, 1, 7, 18, 51, 37, 59, 45, 36, 58, 34, 57, 52, 56, 48, 41, 47, 33, 42, 40, 44, 39, 54, 43]","[95.0, 0.0, 16.0, 99.0, 55.0, 33.0, 97.0, 97.0, 99.0, 63.0, 99.0, 98.0, 49.0, 99.0, 99.0, 99.0, 98.0, 10.0, 43.0, 3.0, 10.0, 39.0, 7.0, 50.0, 80.0, 95.0, 19.0, 0.0, 71.0, 16.0, 85.0, 82.0, 99.0, 99.0, 97.0, 4.0, 98.0, 28.0, 92.0, 4.0, 50.0, 0.0, 2.0, 1.0, 1.0, 2.0, 1.0, 1.0, 2.0, 8.0, 7.0, 9.0, 1.0, 2.0, 9.0, 2.0, 2.0, 56.0, 1.0]","[97.0, 96.38, 86.34, 82.35, 91.63, 80.28, 76.49, 83.27, 86.95, 86.11, 78.3, 79.2, 78.16, 74.02, 86.08, 94.73, 86.06, 74.3, 79.0, 70.72, 64.7, 67.08, 60.88, 59.96, 52.02, 54.76, 53.69, 54.5, 46.7, 47.13, 46.53, 71.24, 68.55, 77.39, 85.54, 78.96, 70.52, 65.76, 53.45, 51.43, 51.4, 41.61, 41.73, 39.49, 36.02, 29.62, 25.34, 28.92, 18.67, 17.73, 16.15, 13.04, 14.15, 10.49, 9.1, 6.09, 4.65, 4.08, 5.7]"
19,[43],"[0, 3, 13, 2, 4, 32, 12, 17, 55, 25, 10, 16, 14, 49, 28, 27, 26, 30, 46, 29, 53, 15, 31, 36, 11, 9, 8, 6, 7, 50, 22, 1, 35, 38, 21, 24, 19, 20, 23, 18, 51, 58, 37, 5, 45, 59, 48, 52, 34, 56, 57, 33, 47, 41, 44, 54, 42, 40, 39]","[95.0, 10.0, 63.0, 97.0, 33.0, 99.0, 50.0, 7.0, 0.0, 16.0, 98.0, 98.0, 49.0, 99.0, 97.0, 99.0, 99.0, 99.0, 16.0, 99.0, 3.0, 10.0, 55.0, 1.0, 97.0, 80.0, 39.0, 95.0, 28.0, 0.0, 97.0, 98.0, 43.0, 19.0, 99.0, 85.0, 99.0, 82.0, 4.0, 92.0, 4.0, 1.0, 50.0, 71.0, 2.0, 0.0, 8.0, 1.0, 2.0, 2.0, 1.0, 1.0, 9.0, 7.0, 2.0, 56.0, 2.0, 9.0, 2.0]","[1.0, 69.62, 57.77, 63.2, 69.67, 74.35, 76.14, 69.61, 68.16, 68.88, 58.16, 62.54, 71.67, 60.22, 73.11, 75.11, 91.35, 95.04, 78.67, 61.28, 68.55, 55.48, 50.74, 36.46, 29.43, 57.16, 64.67, 52.88, 48.95, 49.36, 39.77, 64.17, 74.5, 71.59, 62.38, 79.34, 85.18, 89.19, 79.21, 57.15, 56.47, 41.98, 44.04, 37.91, 35.81, 28.02, 28.94, 25.22, 19.89, 19.06, 16.18, 19.38, 11.94, 11.6, 7.96, 6.67, 12.23, 4.99, 3.76]"
20,[57],"[0, 3, 13, 2, 32, 12, 8, 48, 28, 27, 30, 26, 20, 24, 23, 18, 1, 49, 4, 37, 31, 38, 45, 36, 21, 19, 22, 17, 58, 16, 6, 10, 11, 15, 14, 9, 7, 50, 5, 46, 29, 51, 59, 53, 35, 52, 33, 25, 56, 55, 34, 41, 47, 42, 54, 43, 44, 40, 39]","[95.0, 10.0, 63.0, 97.0, 99.0, 50.0, 39.0, 8.0, 97.0, 99.0, 99.0, 99.0, 82.0, 85.0, 4.0, 92.0, 98.0, 99.0, 33.0, 50.0, 55.0, 19.0, 2.0, 1.0, 99.0, 99.0, 97.0, 7.0, 1.0, 98.0, 95.0, 98.0, 97.0, 10.0, 49.0, 80.0, 28.0, 0.0, 71.0, 16.0, 99.0, 4.0, 0.0, 3.0, 43.0, 1.0, 1.0, 16.0, 2.0, 0.0, 2.0, 7.0, 9.0, 2.0, 56.0, 1.0, 2.0, 9.0, 2.0]","[1.0, 69.62, 58.04, 60.79, 75.17, 73.84, 76.21, 76.28, 63.43, 81.31, 94.97, 94.85, 80.48, 85.7, 81.28, 74.68, 68.88, 69.06, 69.2, 62.48, 53.92, 57.26, 54.78, 50.97, 52.15, 79.88, 77.71, 78.84, 53.05, 46.59, 62.62, 69.64, 72.96, 69.81, 66.67, 66.01, 54.25, 57.21, 48.14, 42.69, 42.25, 49.33, 38.53, 42.86, 31.77, 28.61, 27.57, 30.34, 21.28, 17.91, 16.73, 10.28, 9.52, 9.29, 5.29, 7.9, 5.42, 4.83, 3.97]"
21,[10],"[0, 11, 16, 6, 15, 9, 2, 32, 13, 53, 4, 1, 7, 59, 49, 18, 21, 22, 17, 20, 19, 35, 24, 23, 12, 29, 14, 31, 5, 3, 8, 50, 57, 30, 26, 28, 27, 38, 51, 46, 45, 58, 37, 36, 25, 52, 48, 33, 34, 56, 55, 47, 41, 42, 54, 44, 40, 39, 43]","[95.0, 97.0, 98.0, 95.0, 10.0, 80.0, 97.0, 99.0, 63.0, 3.0, 33.0, 98.0, 28.0, 0.0, 99.0, 92.0, 99.0, 97.0, 7.0, 82.0, 99.0, 43.0, 85.0, 4.0, 50.0, 99.0, 49.0, 55.0, 71.0, 10.0, 39.0, 0.0, 1.0, 99.0, 99.0, 97.0, 99.0, 19.0, 4.0, 16.0, 2.0, 1.0, 50.0, 1.0, 16.0, 1.0, 8.0, 1.0, 2.0, 2.0, 0.0, 9.0, 7.0, 2.0, 56.0, 2.0, 9.0, 2.0, 1.0]","[98.0, 97.01, 96.9, 96.97, 96.88, 87.45, 87.58, 92.53, 96.11, 90.15, 88.71, 83.17, 85.75, 78.54, 69.1, 72.71, 79.3, 93.53, 92.58, 73.24, 82.05, 84.19, 81.63, 80.2, 69.37, 66.39, 72.73, 63.83, 62.18, 60.04, 63.75, 62.94, 62.99, 62.89, 82.6, 79.28, 92.22, 78.91, 49.57, 50.46, 48.15, 47.56, 46.05, 43.27, 35.09, 26.53, 24.25, 21.66, 19.61, 23.22, 15.52, 11.26, 11.41, 10.77, 6.95, 9.37, 6.69, 4.65, 3.43]"
22,[58],"[0, 3, 2, 4, 16, 10, 13, 11, 8, 15, 14, 6, 9, 32, 31, 1, 17, 50, 7, 12, 59, 5, 49, 46, 28, 30, 27, 26, 38, 29, 53, 45, 35, 20, 24, 18, 19, 21, 22, 23, 37, 51, 25, 36, 57, 48, 52, 33, 56, 34, 47, 55, 41, 44, 42, 43, 40, 54, 39]","[95.0, 10.0, 97.0, 33.0, 98.0, 98.0, 63.0, 97.0, 39.0, 10.0, 49.0, 95.0, 80.0, 99.0, 55.0, 98.0, 7.0, 0.0, 28.0, 50.0, 0.0, 71.0, 99.0, 16.0, 97.0, 99.0, 99.0, 99.0, 19.0, 99.0, 3.0, 2.0, 43.0, 82.0, 85.0, 92.0, 99.0, 99.0, 97.0, 4.0, 50.0, 4.0, 16.0, 1.0, 1.0, 8.0, 1.0, 1.0, 2.0, 2.0, 9.0, 0.0, 7.0, 2.0, 2.0, 1.0, 9.0, 56.0, 2.0]","[1.0, 69.62, 59.47, 84.13, 73.11, 77.43, 76.87, 71.89, 79.4, 78.43, 70.79, 70.39, 73.15, 67.97, 74.67, 65.84, 67.89, 63.7, 58.24, 60.3, 53.08, 51.91, 46.53, 50.14, 45.84, 66.02, 86.16, 93.85, 69.98, 61.86, 52.92, 51.55, 47.93, 44.85, 64.86, 70.34, 65.98, 84.25, 83.72, 80.95, 49.69, 52.99, 37.35, 41.02, 29.93, 28.35, 26.7, 19.38, 21.63, 17.88, 17.42, 17.46, 13.08, 10.04, 6.75, 6.63, 5.47, 4.12, 3.27]"
23,[59],"[0, 26, 30, 27, 28, 18, 20, 22, 35, 21, 19, 24, 23, 49, 3, 37, 56, 58, 46, 2, 12, 8, 17, 15, 32, 13, 1, 48, 53, 45, 4, 31, 9, 16, 6, 38, 10, 11, 7, 14, 50, 5, 29, 51, 25, 36, 57, 34, 52, 55, 33, 47, 41, 54, 42, 44, 40, 39, 43]","[95.0, 99.0, 99.0, 99.0, 97.0, 92.0, 82.0, 97.0, 43.0, 99.0, 99.0, 85.0, 4.0, 99.0, 10.0, 50.0, 2.0, 1.0, 16.0, 97.0, 50.0, 39.0, 7.0, 10.0, 99.0, 63.0, 98.0, 8.0, 3.0, 2.0, 33.0, 55.0, 80.0, 98.0, 95.0, 19.0, 98.0, 97.0, 28.0, 49.0, 0.0, 71.0, 99.0, 4.0, 16.0, 1.0, 1.0, 2.0, 1.0, 0.0, 1.0, 9.0, 7.0, 56.0, 2.0, 2.0, 9.0, 2.0, 1.0]","[0.0, 65.55, 90.87, 98.52, 95.43, 81.85, 92.73, 87.36, 90.0, 89.85, 94.73, 96.25, 81.19, 74.26, 76.33, 70.16, 60.29, 67.38, 56.67, 49.52, 65.1, 66.7, 51.11, 52.92, 51.6, 66.77, 56.14, 47.69, 44.89, 41.45, 34.94, 39.4, 39.41, 52.29, 65.06, 68.64, 62.74, 59.06, 69.14, 51.48, 48.21, 48.44, 40.64, 57.46, 39.76, 30.7, 25.05, 25.53, 21.15, 20.14, 17.28, 16.2, 12.74, 10.31, 21.65, 8.83, 8.1, 5.49, 5.45]"
24,[45],"[0, 3, 32, 31, 48, 2, 13, 4, 58, 16, 14, 10, 49, 28, 26, 30, 27, 46, 29, 53, 15, 11, 8, 22, 21, 19, 24, 20, 23, 18, 51, 6, 1, 38, 17, 9, 7, 37, 12, 5, 36, 50, 59, 35, 52, 34, 33, 57, 55, 25, 56, 47, 41, 42, 44, 54, 40, 43, 39]","[95.0, 10.0, 99.0, 55.0, 8.0, 97.0, 63.0, 33.0, 1.0, 98.0, 49.0, 98.0, 99.0, 97.0, 99.0, 99.0, 99.0, 16.0, 99.0, 3.0, 10.0, 97.0, 39.0, 97.0, 99.0, 99.0, 85.0, 82.0, 4.0, 92.0, 4.0, 95.0, 98.0, 19.0, 7.0, 80.0, 28.0, 50.0, 50.0, 71.0, 1.0, 0.0, 0.0, 43.0, 1.0, 2.0, 1.0, 1.0, 0.0, 16.0, 2.0, 9.0, 7.0, 2.0, 2.0, 56.0, 9.0, 1.0, 2.0]","[2.0, 70.82, 58.63, 86.76, 69.57, 57.68, 70.91, 67.5, 59.28, 61.4, 71.01, 70.95, 68.65, 76.2, 74.87, 87.5, 95.17, 69.6, 74.48, 66.18, 74.02, 52.11, 47.98, 49.74, 82.67, 90.91, 96.01, 90.2, 84.69, 77.9, 71.85, 68.51, 70.66, 73.44, 67.29, 58.7, 59.82, 59.76, 56.48, 49.41, 44.4, 40.28, 39.84, 29.23, 26.77, 29.96, 24.42, 24.46, 28.43, 23.97, 13.96, 12.86, 9.27, 10.45, 6.25, 5.15, 4.67, 4.46, 3.78]"
25,[24],"[0, 3, 26, 20, 17, 28, 27, 30, 37, 19, 23, 21, 22, 53, 18, 49, 2, 8, 15, 12, 1, 45, 52, 32, 13, 58, 31, 5, 46, 4, 36, 16, 6, 11, 38, 7, 10, 9, 14, 51, 35, 25, 50, 29, 57, 34, 59, 56, 48, 55, 33, 47, 44, 41, 54, 42, 40, 43, 39]","[95.0, 10.0, 99.0, 82.0, 7.0, 97.0, 99.0, 99.0, 50.0, 99.0, 4.0, 99.0, 97.0, 3.0, 92.0, 99.0, 97.0, 39.0, 10.0, 50.0, 98.0, 2.0, 1.0, 99.0, 63.0, 1.0, 55.0, 71.0, 16.0, 33.0, 1.0, 98.0, 95.0, 97.0, 19.0, 28.0, 98.0, 80.0, 49.0, 4.0, 43.0, 16.0, 0.0, 99.0, 1.0, 2.0, 0.0, 2.0, 8.0, 0.0, 1.0, 9.0, 2.0, 7.0, 56.0, 2.0, 9.0, 1.0, 2.0]","[85.0, 91.9, 82.3, 88.7, 86.32, 82.05, 90.14, 90.86, 76.21, 74.74, 80.37, 83.78, 87.34, 67.94, 68.05, 55.14, 58.37, 76.45, 65.38, 65.6, 64.2, 64.42, 50.08, 51.21, 73.0, 57.43, 46.85, 45.15, 44.02, 47.92, 44.12, 42.08, 62.17, 64.04, 70.11, 65.81, 62.23, 62.98, 55.44, 47.87, 39.29, 38.63, 38.6, 28.54, 34.98, 28.84, 25.21, 19.84, 20.79, 20.02, 13.75, 15.14, 8.25, 7.36, 7.11, 20.36, 7.12, 6.54, 3.72]"
26,[47],"[0, 2, 4, 13, 32, 49, 29, 28, 3, 26, 30, 27, 19, 20, 23, 22, 31, 38, 21, 24, 1, 8, 18, 17, 58, 36, 12, 16, 10, 14, 6, 11, 15, 9, 7, 51, 46, 45, 37, 50, 59, 53, 5, 35, 56, 25, 48, 57, 52, 33, 55, 34, 41, 44, 54, 42, 40, 43, 39]","[95.0, 97.0, 33.0, 63.0, 99.0, 99.0, 99.0, 97.0, 10.0, 99.0, 99.0, 99.0, 99.0, 82.0, 4.0, 97.0, 55.0, 19.0, 99.0, 85.0, 98.0, 39.0, 92.0, 7.0, 1.0, 1.0, 50.0, 98.0, 98.0, 49.0, 95.0, 97.0, 10.0, 80.0, 28.0, 4.0, 16.0, 2.0, 50.0, 0.0, 0.0, 3.0, 71.0, 43.0, 2.0, 16.0, 8.0, 1.0, 1.0, 1.0, 0.0, 2.0, 7.0, 2.0, 56.0, 2.0, 9.0, 1.0, 2.0]","[9.0, 65.76, 83.96, 78.68, 76.18, 76.82, 80.96, 86.64, 82.88, 88.61, 92.4, 96.2, 89.72, 96.07, 93.47, 82.93, 79.49, 80.1, 82.71, 92.21, 78.73, 83.39, 73.91, 74.97, 70.24, 70.07, 61.45, 56.9, 66.62, 69.04, 68.34, 77.89, 77.14, 73.38, 62.77, 54.48, 53.74, 49.79, 45.31, 43.46, 42.0, 44.62, 38.56, 37.46, 26.82, 26.79, 25.7, 26.02, 20.5, 22.38, 21.46, 19.84, 14.2, 9.64, 8.25, 15.65, 4.08, 4.66, 3.42]"
27,[41],"[0, 3, 2, 12, 8, 13, 32, 48, 1, 54, 58, 5, 4, 15, 31, 10, 25, 16, 14, 9, 6, 11, 7, 50, 49, 29, 45, 28, 30, 27, 26, 38, 53, 18, 20, 24, 19, 21, 22, 23, 17, 37, 51, 46, 36, 59, 55, 42, 57, 56, 35, 34, 52, 47, 33, 43, 44, 40, 39]","[95.0, 10.0, 97.0, 50.0, 39.0, 63.0, 99.0, 8.0, 98.0, 56.0, 1.0, 71.0, 33.0, 10.0, 55.0, 98.0, 16.0, 98.0, 49.0, 80.0, 95.0, 97.0, 28.0, 0.0, 99.0, 99.0, 2.0, 97.0, 99.0, 99.0, 99.0, 19.0, 3.0, 92.0, 82.0, 85.0, 99.0, 99.0, 97.0, 4.0, 7.0, 50.0, 4.0, 16.0, 1.0, 0.0, 0.0, 2.0, 1.0, 2.0, 43.0, 2.0, 1.0, 9.0, 1.0, 1.0, 2.0, 9.0, 2.0]","[7.0, 71.24, 60.52, 73.46, 76.24, 67.76, 68.31, 70.36, 71.52, 78.42, 74.96, 69.98, 69.36, 60.86, 59.27, 55.91, 57.37, 57.29, 66.33, 66.07, 63.78, 67.59, 56.22, 57.08, 60.02, 49.22, 48.42, 48.33, 72.73, 92.13, 95.83, 65.59, 62.35, 47.78, 67.92, 72.7, 72.23, 83.74, 89.28, 80.32, 73.51, 52.39, 50.03, 45.23, 42.56, 39.61, 38.92, 33.61, 30.49, 30.13, 29.74, 22.83, 20.77, 16.41, 15.5, 12.27, 6.77, 4.62, 3.82]"
28,[7],"[0, 28, 49, 29, 27, 26, 30, 12, 21, 18, 20, 37, 22, 19, 24, 17, 23, 3, 53, 38, 51, 15, 48, 36, 46, 58, 2, 13, 32, 31, 1, 45, 56, 16, 4, 14, 10, 6, 11, 9, 5, 8, 50, 25, 59, 35, 33, 52, 57, 34, 42, 55, 47, 41, 54, 44, 40, 43, 39]","[95.0, 97.0, 99.0, 99.0, 99.0, 99.0, 99.0, 50.0, 99.0, 92.0, 82.0, 50.0, 97.0, 99.0, 85.0, 7.0, 4.0, 10.0, 3.0, 19.0, 4.0, 10.0, 8.0, 1.0, 16.0, 1.0, 97.0, 63.0, 99.0, 55.0, 98.0, 2.0, 2.0, 98.0, 33.0, 49.0, 98.0, 95.0, 97.0, 80.0, 71.0, 39.0, 0.0, 16.0, 0.0, 43.0, 1.0, 1.0, 1.0, 2.0, 2.0, 0.0, 9.0, 7.0, 56.0, 2.0, 9.0, 1.0, 2.0]","[28.0, 73.56, 82.2, 89.16, 85.25, 92.28, 96.74, 84.66, 90.07, 95.77, 96.95, 93.96, 93.56, 93.77, 94.87, 85.15, 77.67, 74.12, 68.33, 66.48, 63.35, 55.94, 50.98, 51.86, 44.13, 49.39, 44.77, 54.33, 57.35, 62.61, 61.84, 54.36, 41.65, 44.75, 53.2, 51.61, 49.31, 53.84, 62.0, 52.74, 48.46, 48.46, 43.0, 42.18, 36.63, 37.89, 23.89, 21.49, 24.28, 17.9, 18.66, 13.25, 11.2, 9.32, 9.12, 8.1, 5.04, 5.8, 4.02]"
29,[35],"[0, 3, 8, 12, 13, 28, 30, 27, 26, 21, 19, 20, 24, 18, 22, 17, 37, 23, 49, 53, 46, 15, 56, 58, 48, 16, 2, 4, 32, 14, 1, 6, 10, 38, 9, 11, 7, 29, 31, 51, 50, 5, 25, 45, 34, 59, 52, 57, 36, 33, 55, 47, 41, 42, 54, 44, 40, 39, 43]","[95.0, 10.0, 39.0, 50.0, 63.0, 97.0, 99.0, 99.0, 99.0, 99.0, 99.0, 82.0, 85.0, 92.0, 97.0, 7.0, 50.0, 4.0, 99.0, 3.0, 16.0, 10.0, 2.0, 1.0, 8.0, 98.0, 97.0, 33.0, 99.0, 49.0, 98.0, 95.0, 98.0, 19.0, 80.0, 97.0, 28.0, 99.0, 55.0, 4.0, 0.0, 71.0, 16.0, 2.0, 2.0, 0.0, 1.0, 1.0, 1.0, 1.0, 0.0, 9.0, 7.0, 2.0, 56.0, 2.0, 9.0, 2.0, 1.0]","[43.0, 77.84, 66.37, 63.89, 63.88, 68.41, 85.01, 91.09, 89.93, 78.26, 89.11, 96.21, 94.18, 88.07, 84.14, 82.17, 77.62, 76.5, 64.31, 67.86, 63.59, 59.1, 57.91, 52.29, 50.94, 47.41, 62.74, 62.97, 49.03, 59.99, 56.01, 59.56, 65.0, 70.65, 65.47, 64.0, 64.97, 49.51, 62.24, 61.82, 48.52, 48.69, 47.26, 46.32, 34.92, 30.59, 22.6, 25.28, 21.76, 20.75, 17.12, 14.39, 13.7, 11.89, 8.22, 11.32, 5.35, 5.24, 3.85]"
30,[34],"[0, 15, 28, 30, 26, 27, 3, 18, 21, 20, 19, 24, 22, 17, 23, 49, 37, 56, 2, 13, 1, 12, 32, 8, 58, 46, 45, 36, 31, 48, 16, 6, 11, 38, 10, 4, 9, 7, 29, 51, 14, 50, 53, 5, 59, 35, 57, 25, 55, 52, 41, 47, 33, 44, 40, 42, 54, 39, 43]","[95.0, 10.0, 97.0, 99.0, 99.0, 99.0, 10.0, 92.0, 99.0, 82.0, 99.0, 85.0, 97.0, 7.0, 4.0, 99.0, 50.0, 2.0, 97.0, 63.0, 98.0, 50.0, 99.0, 39.0, 1.0, 16.0, 2.0, 1.0, 55.0, 8.0, 98.0, 95.0, 97.0, 19.0, 98.0, 33.0, 80.0, 28.0, 99.0, 4.0, 49.0, 0.0, 3.0, 71.0, 0.0, 43.0, 1.0, 16.0, 0.0, 1.0, 7.0, 9.0, 1.0, 2.0, 9.0, 2.0, 56.0, 2.0, 1.0]","[2.0, 61.52, 55.28, 82.65, 88.42, 91.79, 75.73, 84.71, 90.52, 95.34, 94.72, 96.1, 92.6, 84.31, 70.65, 71.2, 83.72, 65.58, 50.55, 72.67, 73.52, 72.5, 69.78, 67.73, 64.22, 50.7, 46.54, 43.14, 43.19, 38.23, 43.15, 61.14, 66.15, 70.07, 70.92, 77.99, 65.05, 60.55, 51.44, 64.02, 52.71, 42.95, 33.74, 38.4, 37.12, 35.54, 27.17, 27.05, 17.36, 19.54, 19.08, 14.58, 7.17, 8.92, 5.82, 6.06, 4.78, 3.59, 3.1]"
31,[0],"[1, 50, 32, 2, 12, 6, 11, 4, 17, 13, 10, 15, 31, 16, 9, 8, 3, 14, 55, 5, 7, 49, 28, 30, 26, 27, 38, 29, 53, 35, 20, 24, 23, 18, 22, 21, 19, 51, 46, 37, 58, 36, 25, 45, 59, 34, 48, 57, 52, 56, 41, 47, 33, 42, 44, 54, 40, 43, 39]","[98.0, 0.0, 99.0, 97.0, 50.0, 95.0, 97.0, 33.0, 7.0, 63.0, 98.0, 10.0, 55.0, 98.0, 80.0, 39.0, 10.0, 49.0, 0.0, 71.0, 28.0, 99.0, 97.0, 99.0, 99.0, 99.0, 19.0, 99.0, 3.0, 43.0, 82.0, 85.0, 4.0, 92.0, 97.0, 99.0, 99.0, 4.0, 16.0, 50.0, 1.0, 1.0, 16.0, 2.0, 0.0, 2.0, 8.0, 1.0, 1.0, 2.0, 7.0, 9.0, 1.0, 2.0, 2.0, 56.0, 9.0, 1.0, 2.0]","[95.0, 97.16, 86.32, 89.54, 92.22, 86.81, 90.0, 91.0, 91.96, 88.72, 83.23, 79.91, 67.67, 67.65, 68.54, 73.3, 60.31, 64.15, 59.67, 56.76, 56.74, 48.85, 53.81, 74.76, 90.5, 96.36, 72.56, 68.87, 56.88, 46.99, 48.32, 63.85, 71.12, 66.8, 49.02, 68.94, 80.86, 66.28, 50.31, 47.69, 43.66, 39.79, 37.86, 35.92, 28.93, 24.32, 28.08, 23.1, 21.59, 17.44, 17.34, 14.86, 11.1, 9.21, 7.34, 6.21, 6.13, 5.55, 3.09]"
32,[4],"[0, 28, 29, 49, 26, 30, 27, 56, 3, 20, 24, 18, 22, 19, 21, 17, 23, 37, 51, 2, 12, 16, 10, 15, 13, 32, 1, 6, 14, 9, 8, 38, 31, 50, 11, 7, 53, 45, 5, 58, 46, 25, 36, 35, 57, 59, 34, 48, 52, 55, 33, 47, 41, 42, 44, 54, 39, 40, 43]","[95.0, 97.0, 99.0, 99.0, 99.0, 99.0, 99.0, 2.0, 10.0, 82.0, 85.0, 92.0, 97.0, 99.0, 99.0, 7.0, 4.0, 50.0, 4.0, 97.0, 50.0, 98.0, 98.0, 10.0, 63.0, 99.0, 98.0, 95.0, 49.0, 80.0, 39.0, 19.0, 55.0, 0.0, 97.0, 28.0, 3.0, 2.0, 71.0, 1.0, 16.0, 16.0, 1.0, 43.0, 1.0, 0.0, 2.0, 8.0, 1.0, 0.0, 1.0, 9.0, 7.0, 2.0, 2.0, 56.0, 2.0, 9.0, 1.0]","[33.0, 72.68, 82.04, 87.22, 84.32, 91.1, 96.9, 91.02, 88.4, 74.96, 79.18, 82.53, 81.09, 85.48, 92.2, 85.5, 82.14, 67.84, 55.54, 57.68, 72.75, 67.67, 75.28, 81.23, 73.1, 70.01, 76.21, 78.19, 74.59, 66.05, 74.84, 68.21, 63.5, 63.32, 64.53, 58.44, 55.75, 52.58, 51.07, 49.93, 48.0, 44.22, 33.89, 33.08, 34.34, 33.02, 25.99, 24.18, 18.43, 17.88, 15.98, 13.63, 8.9, 9.9, 6.18, 5.73, 6.38, 4.16, 3.94]"
33,[36],"[0, 2, 13, 1, 45, 32, 10, 11, 5, 15, 31, 6, 9, 4, 14, 58, 12, 7, 3, 50, 49, 17, 16, 59, 46, 57, 28, 30, 27, 26, 35, 38, 8, 21, 24, 20, 19, 23, 22, 18, 37, 53, 51, 25, 29, 48, 52, 33, 55, 34, 56, 47, 41, 44, 40, 54, 42, 39, 43]","[95.0, 97.0, 63.0, 98.0, 2.0, 99.0, 98.0, 97.0, 71.0, 10.0, 55.0, 95.0, 80.0, 33.0, 49.0, 1.0, 50.0, 28.0, 10.0, 0.0, 99.0, 7.0, 98.0, 0.0, 16.0, 1.0, 97.0, 99.0, 99.0, 99.0, 43.0, 19.0, 39.0, 99.0, 85.0, 82.0, 99.0, 4.0, 97.0, 92.0, 50.0, 3.0, 4.0, 16.0, 99.0, 8.0, 1.0, 1.0, 0.0, 2.0, 2.0, 9.0, 7.0, 2.0, 9.0, 56.0, 2.0, 2.0, 1.0]","[1.0, 63.04, 80.82, 78.44, 85.18, 82.36, 78.01, 81.31, 87.33, 90.27, 84.26, 84.75, 81.25, 73.8, 66.78, 67.24, 69.78, 58.35, 56.14, 53.08, 54.45, 57.95, 59.89, 39.85, 41.2, 40.74, 36.69, 73.75, 85.23, 89.1, 73.16, 59.19, 51.79, 39.4, 72.14, 82.4, 78.87, 81.46, 81.52, 66.74, 45.29, 38.38, 34.37, 41.48, 27.08, 28.8, 25.31, 23.61, 17.94, 16.33, 13.79, 11.31, 10.4, 6.88, 4.34, 5.14, 16.37, 4.97, 3.1]"
34,[33],"[0, 3, 2, 13, 8, 12, 55, 32, 4, 31, 48, 28, 26, 30, 27, 49, 16, 10, 46, 29, 14, 15, 53, 9, 19, 24, 20, 21, 22, 18, 23, 17, 37, 1, 6, 38, 11, 7, 51, 50, 5, 25, 36, 58, 45, 35, 52, 34, 57, 59, 56, 47, 42, 41, 44, 54, 40, 43, 39]","[95.0, 10.0, 97.0, 63.0, 39.0, 50.0, 0.0, 99.0, 33.0, 55.0, 8.0, 97.0, 99.0, 99.0, 99.0, 99.0, 98.0, 98.0, 16.0, 99.0, 49.0, 10.0, 3.0, 80.0, 99.0, 85.0, 82.0, 99.0, 97.0, 92.0, 4.0, 7.0, 50.0, 98.0, 95.0, 19.0, 97.0, 28.0, 4.0, 0.0, 71.0, 16.0, 1.0, 1.0, 2.0, 43.0, 1.0, 2.0, 1.0, 0.0, 2.0, 9.0, 2.0, 7.0, 2.0, 56.0, 9.0, 1.0, 2.0]","[1.0, 63.98, 61.35, 81.22, 74.37, 75.01, 65.7, 66.75, 71.56, 68.29, 65.89, 56.69, 64.85, 86.58, 94.6, 67.1, 61.3, 73.72, 72.42, 68.44, 68.49, 65.99, 58.61, 52.77, 53.29, 82.45, 85.45, 86.87, 92.47, 85.68, 81.14, 74.29, 64.08, 62.56, 72.71, 71.82, 63.48, 65.95, 50.35, 44.88, 39.92, 39.86, 40.74, 37.49, 36.93, 31.34, 23.86, 25.01, 24.43, 26.76, 17.02, 13.1, 9.9, 9.63, 6.57, 7.13, 5.97, 5.29, 4.24]"
35,[35],"[0, 3, 8, 12, 13, 28, 30, 27, 26, 21, 19, 20, 24, 18, 22, 17, 37, 23, 49, 53, 46, 15, 56, 58, 48, 16, 2, 4, 32, 14, 1, 6, 10, 38, 9, 11, 7, 29, 31, 51, 50, 5, 25, 45, 34, 59, 52, 57, 36, 33, 55, 47, 41, 42, 54, 44, 40, 39, 43]","[95.0, 10.0, 39.0, 50.0, 63.0, 97.0, 99.0, 99.0, 99.0, 99.0, 99.0, 82.0, 85.0, 92.0, 97.0, 7.0, 50.0, 4.0, 99.0, 3.0, 16.0, 10.0, 2.0, 1.0, 8.0, 98.0, 97.0, 33.0, 99.0, 49.0, 98.0, 95.0, 98.0, 19.0, 80.0, 97.0, 28.0, 99.0, 55.0, 4.0, 0.0, 71.0, 16.0, 2.0, 2.0, 0.0, 1.0, 1.0, 1.0, 1.0, 0.0, 9.0, 7.0, 2.0, 56.0, 2.0, 9.0, 2.0, 1.0]","[43.0, 77.84, 66.37, 63.89, 63.88, 68.41, 85.01, 91.09, 89.93, 78.26, 89.11, 96.21, 94.18, 88.07, 84.14, 82.17, 77.62, 76.5, 64.31, 67.86, 63.59, 59.1, 57.91, 52.29, 50.94, 47.41, 62.74, 62.97, 49.03, 59.99, 56.01, 59.56, 65.0, 70.65, 65.47, 64.0, 64.97, 49.51, 62.24, 61.82, 48.52, 48.69, 47.26, 46.32, 34.92, 30.59, 22.6, 25.28, 21.76, 20.75, 17.12, 14.39, 13.7, 11.89, 8.22, 11.32, 5.35, 5.24, 3.85]"
36,[21],"[0, 18, 19, 24, 22, 17, 27, 28, 20, 37, 30, 26, 23, 49, 3, 53, 13, 15, 12, 46, 56, 2, 1, 8, 58, 32, 31, 48, 6, 16, 11, 38, 4, 10, 9, 7, 14, 5, 29, 51, 45, 50, 35, 25, 59, 36, 57, 34, 52, 33, 55, 47, 41, 42, 44, 54, 43, 40, 39]","[95.0, 92.0, 99.0, 85.0, 97.0, 7.0, 99.0, 97.0, 82.0, 50.0, 99.0, 99.0, 4.0, 99.0, 10.0, 3.0, 63.0, 10.0, 50.0, 16.0, 2.0, 97.0, 98.0, 39.0, 1.0, 99.0, 55.0, 8.0, 95.0, 98.0, 97.0, 19.0, 33.0, 98.0, 80.0, 28.0, 49.0, 71.0, 99.0, 4.0, 2.0, 0.0, 43.0, 16.0, 0.0, 1.0, 1.0, 2.0, 1.0, 1.0, 0.0, 9.0, 7.0, 2.0, 2.0, 56.0, 1.0, 9.0, 2.0]","[99.0, 98.12, 96.94, 98.47, 96.3, 95.8, 89.75, 95.84, 92.33, 90.51, 87.61, 84.49, 79.68, 79.53, 85.18, 65.5, 54.83, 59.11, 51.66, 52.01, 54.28, 52.83, 72.14, 70.6, 65.38, 57.01, 44.96, 45.93, 45.29, 60.39, 64.3, 71.5, 72.62, 67.69, 65.65, 61.46, 56.99, 52.1, 47.06, 58.28, 51.72, 47.21, 43.51, 39.86, 39.57, 33.68, 24.47, 25.08, 21.62, 21.22, 16.79, 14.04, 11.48, 11.09, 8.14, 5.65, 5.07, 4.38, 4.27]"
37,[43],"[0, 3, 13, 2, 4, 32, 12, 17, 55, 25, 10, 16, 14, 49, 28, 27, 26, 30, 46, 29, 53, 15, 31, 36, 11, 9, 8, 6, 7, 50, 22, 1, 35, 38, 21, 24, 19, 20, 23, 18, 51, 58, 37, 5, 45, 59, 48, 52, 34, 56, 57, 33, 47, 41, 44, 54, 42, 40, 39]","[95.0, 10.0, 63.0, 97.0, 33.0, 99.0, 50.0, 7.0, 0.0, 16.0, 98.0, 98.0, 49.0, 99.0, 97.0, 99.0, 99.0, 99.0, 16.0, 99.0, 3.0, 10.0, 55.0, 1.0, 97.0, 80.0, 39.0, 95.0, 28.0, 0.0, 97.0, 98.0, 43.0, 19.0, 99.0, 85.0, 99.0, 82.0, 4.0, 92.0, 4.0, 1.0, 50.0, 71.0, 2.0, 0.0, 8.0, 1.0, 2.0, 2.0, 1.0, 1.0, 9.0, 7.0, 2.0, 56.0, 2.0, 9.0, 2.0]","[1.0, 69.62, 57.77, 63.2, 69.67, 74.35, 76.14, 69.61, 68.16, 68.88, 58.16, 62.54, 71.67, 60.22, 73.11, 75.11, 91.35, 95.04, 78.67, 61.28, 68.55, 55.48, 50.74, 36.46, 29.43, 57.16, 64.67, 52.88, 48.95, 49.36, 39.77, 64.17, 74.5, 71.59, 62.38, 79.34, 85.18, 89.19, 79.21, 57.15, 56.47, 41.98, 44.04, 37.91, 35.81, 28.02, 28.94, 25.22, 19.89, 19.06, 16.18, 19.38, 11.94, 11.6, 7.96, 6.67, 12.23, 4.99, 3.76]"
38,[40],"[0, 3, 12, 2, 8, 13, 32, 1, 48, 58, 45, 4, 31, 10, 11, 5, 15, 6, 59, 14, 21, 22, 17, 18, 20, 19, 24, 23, 49, 26, 30, 38, 16, 9, 7, 27, 28, 53, 50, 37, 46, 29, 51, 36, 57, 35, 25, 56, 52, 34, 47, 55, 41, 42, 33, 44, 39, 54, 43]","[95.0, 10.0, 50.0, 97.0, 39.0, 63.0, 99.0, 98.0, 8.0, 1.0, 2.0, 33.0, 55.0, 98.0, 97.0, 71.0, 10.0, 95.0, 0.0, 49.0, 99.0, 97.0, 7.0, 92.0, 82.0, 99.0, 85.0, 4.0, 99.0, 99.0, 99.0, 19.0, 98.0, 80.0, 28.0, 99.0, 97.0, 3.0, 0.0, 50.0, 16.0, 99.0, 4.0, 1.0, 1.0, 43.0, 16.0, 2.0, 1.0, 2.0, 9.0, 0.0, 7.0, 2.0, 1.0, 2.0, 2.0, 56.0, 1.0]","[9.0, 71.78, 61.74, 64.87, 78.54, 68.87, 67.88, 69.94, 77.36, 76.16, 61.4, 69.07, 64.49, 63.13, 68.27, 71.72, 76.79, 66.81, 61.24, 60.39, 55.99, 71.6, 78.37, 73.89, 73.54, 79.28, 85.93, 78.76, 70.8, 74.26, 83.07, 80.04, 64.71, 68.9, 69.15, 64.52, 89.79, 57.18, 50.67, 52.64, 41.01, 39.41, 41.38, 39.42, 33.93, 36.3, 32.21, 29.05, 22.6, 18.83, 18.34, 19.93, 16.51, 12.88, 10.86, 8.52, 5.6, 6.06, 3.97]"
39,[13],"[0, 26, 30, 27, 28, 21, 19, 20, 22, 24, 37, 51, 18, 1, 2, 12, 23, 49, 4, 32, 29, 8, 31, 17, 3, 38, 36, 55, 14, 46, 45, 9, 10, 16, 6, 11, 15, 7, 50, 5, 58, 25, 53, 35, 52, 57, 34, 48, 59, 56, 41, 43, 33, 47, 44, 54, 42, 40, 39]","[95.0, 99.0, 99.0, 99.0, 97.0, 99.0, 99.0, 82.0, 97.0, 85.0, 50.0, 4.0, 92.0, 98.0, 97.0, 50.0, 4.0, 99.0, 33.0, 99.0, 99.0, 39.0, 55.0, 7.0, 10.0, 19.0, 1.0, 0.0, 49.0, 16.0, 2.0, 80.0, 98.0, 98.0, 95.0, 97.0, 10.0, 28.0, 0.0, 71.0, 1.0, 16.0, 3.0, 43.0, 1.0, 1.0, 2.0, 8.0, 0.0, 2.0, 7.0, 1.0, 1.0, 9.0, 2.0, 56.0, 2.0, 9.0, 2.0]","[63.0, 86.04, 94.6, 97.4, 95.96, 93.9, 98.24, 98.46, 97.43, 96.23, 94.8, 93.69, 86.98, 82.81, 89.03, 89.15, 84.02, 82.04, 79.34, 79.11, 81.93, 76.07, 74.81, 68.9, 73.95, 64.43, 62.08, 65.27, 50.67, 53.47, 50.58, 51.17, 59.11, 64.98, 67.8, 70.96, 67.23, 61.45, 48.48, 44.46, 43.27, 42.94, 41.08, 30.93, 28.32, 26.76, 27.76, 26.4, 25.18, 20.89, 18.45, 13.54, 13.26, 9.63, 7.54, 6.47, 11.31, 7.08, 4.18]"
40,[29],"[0, 17, 3, 16, 14, 9, 6, 11, 10, 4, 2, 15, 13, 8, 50, 32, 31, 59, 49, 28, 27, 26, 30, 53, 38, 12, 7, 45, 46, 5, 35, 1, 24, 20, 19, 21, 23, 22, 18, 51, 37, 58, 36, 57, 25, 52, 34, 48, 33, 56, 55, 47, 41, 43, 40, 44, 54, 42, 39]","[95.0, 7.0, 10.0, 98.0, 49.0, 80.0, 95.0, 97.0, 98.0, 33.0, 97.0, 10.0, 63.0, 39.0, 0.0, 99.0, 55.0, 0.0, 99.0, 97.0, 99.0, 99.0, 99.0, 3.0, 19.0, 50.0, 28.0, 2.0, 16.0, 71.0, 43.0, 98.0, 85.0, 82.0, 99.0, 99.0, 4.0, 97.0, 92.0, 4.0, 50.0, 1.0, 1.0, 1.0, 16.0, 1.0, 2.0, 8.0, 1.0, 2.0, 0.0, 9.0, 7.0, 1.0, 9.0, 2.0, 56.0, 2.0, 2.0]","[99.0, 97.72, 85.56, 73.91, 86.74, 79.08, 76.07, 82.83, 87.85, 84.08, 75.22, 84.1, 75.04, 70.36, 65.68, 62.3, 70.8, 56.34, 60.62, 72.3, 70.75, 71.52, 89.01, 59.99, 65.34, 50.33, 51.51, 52.39, 40.99, 39.75, 37.68, 34.57, 55.28, 73.18, 66.21, 82.33, 82.83, 89.63, 64.9, 60.68, 53.83, 50.76, 36.61, 34.19, 31.86, 27.87, 23.52, 22.44, 20.71, 19.03, 21.59, 13.1, 10.2, 10.33, 6.17, 6.49, 4.96, 18.64, 4.67]"
41,[24],"[0, 3, 26, 20, 17, 28, 27, 30, 37, 19, 23, 21, 22, 53, 18, 49, 2, 8, 15, 12, 1, 45, 52, 32, 13, 58, 31, 5, 46, 4, 36, 16, 6, 11, 38, 7, 10, 9, 14, 51, 35, 25, 50, 29, 57, 34, 59, 56, 48, 55, 33, 47, 44, 41, 54, 42, 40, 43, 39]","[95.0, 10.0, 99.0, 82.0, 7.0, 97.0, 99.0, 99.0, 50.0, 99.0, 4.0, 99.0, 97.0, 3.0, 92.0, 99.0, 97.0, 39.0, 10.0, 50.0, 98.0, 2.0, 1.0, 99.0, 63.0, 1.0, 55.0, 71.0, 16.0, 33.0, 1.0, 98.0, 95.0, 97.0, 19.0, 28.0, 98.0, 80.0, 49.0, 4.0, 43.0, 16.0, 0.0, 99.0, 1.0, 2.0, 0.0, 2.0, 8.0, 0.0, 1.0, 9.0, 2.0, 7.0, 56.0, 2.0, 9.0, 1.0, 2.0]","[85.0, 91.9, 82.3, 88.7, 86.32, 82.05, 90.14, 90.86, 76.21, 74.74, 80.37, 83.78, 87.34, 67.94, 68.05, 55.14, 58.37, 76.45, 65.38, 65.6, 64.2, 64.42, 50.08, 51.21, 73.0, 57.43, 46.85, 45.15, 44.02, 47.92, 44.12, 42.08, 62.17, 64.04, 70.11, 65.81, 62.23, 62.98, 55.44, 47.87, 39.29, 38.63, 38.6, 28.54, 34.98, 28.84, 25.21, 19.84, 20.79, 20.02, 13.75, 15.14, 8.25, 7.36, 7.11, 20.36, 7.12, 6.54, 3.72]"
42,[40],"[0, 3, 12, 2, 8, 13, 32, 1, 48, 58, 45, 4, 31, 10, 11, 5, 15, 6, 59, 14, 21, 22, 17, 18, 20, 19, 24, 23, 49, 26, 30, 38, 16, 9, 7, 27, 28, 53, 50, 37, 46, 29, 51, 36, 57, 35, 25, 56, 52, 34, 47, 55, 41, 42, 33, 44, 39, 54, 43]","[95.0, 10.0, 50.0, 97.0, 39.0, 63.0, 99.0, 98.0, 8.0, 1.0, 2.0, 33.0, 55.0, 98.0, 97.0, 71.0, 10.0, 95.0, 0.0, 49.0, 99.0, 97.0, 7.0, 92.0, 82.0, 99.0, 85.0, 4.0, 99.0, 99.0, 99.0, 19.0, 98.0, 80.0, 28.0, 99.0, 97.0, 3.0, 0.0, 50.0, 16.0, 99.0, 4.0, 1.0, 1.0, 43.0, 16.0, 2.0, 1.0, 2.0, 9.0, 0.0, 7.0, 2.0, 1.0, 2.0, 2.0, 56.0, 1.0]","[9.0, 71.78, 61.74, 64.87, 78.54, 68.87, 67.88, 69.94, 77.36, 76.16, 61.4, 69.07, 64.49, 63.13, 68.27, 71.72, 76.79, 66.81, 61.24, 60.39, 55.99, 71.6, 78.37, 73.89, 73.54, 79.28, 85.93, 78.76, 70.8, 74.26, 83.07, 80.04, 64.71, 68.9, 69.15, 64.52, 89.79, 57.18, 50.67, 52.64, 41.01, 39.41, 41.38, 39.42, 33.93, 36.3, 32.21, 29.05, 22.6, 18.83, 18.34, 19.93, 16.51, 12.88, 10.86, 8.52, 5.6, 6.06, 3.97]"
43,[2],"[0, 16, 29, 53, 15, 28, 27, 26, 30, 49, 18, 20, 22, 45, 35, 19, 24, 21, 23, 3, 9, 38, 17, 6, 4, 11, 10, 8, 51, 1, 12, 50, 13, 32, 14, 7, 58, 5, 31, 46, 37, 25, 52, 59, 36, 57, 34, 44, 55, 48, 56, 33, 47, 41, 54, 42, 43, 40, 39]","[95.0, 98.0, 99.0, 3.0, 10.0, 97.0, 99.0, 99.0, 99.0, 99.0, 92.0, 82.0, 97.0, 2.0, 43.0, 99.0, 85.0, 99.0, 4.0, 10.0, 80.0, 19.0, 7.0, 95.0, 33.0, 97.0, 98.0, 39.0, 4.0, 98.0, 50.0, 0.0, 63.0, 99.0, 49.0, 28.0, 1.0, 71.0, 55.0, 16.0, 50.0, 16.0, 1.0, 0.0, 1.0, 1.0, 2.0, 2.0, 0.0, 8.0, 2.0, 1.0, 9.0, 7.0, 56.0, 2.0, 1.0, 9.0, 2.0]","[97.0, 96.44, 96.81, 97.62, 95.5, 78.56, 85.32, 89.68, 96.21, 82.6, 86.02, 90.36, 87.53, 88.63, 89.07, 87.24, 94.47, 91.98, 84.05, 79.79, 72.41, 74.75, 73.25, 67.43, 70.77, 66.3, 68.77, 67.69, 62.68, 62.85, 67.96, 62.26, 66.61, 58.02, 65.26, 56.58, 54.98, 53.57, 54.75, 52.5, 51.33, 42.36, 39.08, 37.84, 31.59, 27.32, 26.77, 22.16, 23.93, 22.77, 19.16, 14.33, 11.13, 10.23, 9.42, 15.99, 4.76, 4.94, 3.5]"
44,[26],"[0, 18, 30, 28, 27, 23, 3, 53, 21, 19, 24, 22, 20, 17, 37, 49, 55, 12, 46, 52, 2, 4, 15, 13, 32, 1, 8, 31, 58, 51, 48, 36, 45, 16, 6, 11, 38, 10, 5, 9, 7, 14, 25, 50, 35, 29, 59, 33, 34, 56, 47, 57, 41, 42, 43, 40, 39, 54, 44]","[95.0, 92.0, 99.0, 97.0, 99.0, 4.0, 10.0, 3.0, 99.0, 99.0, 85.0, 97.0, 82.0, 7.0, 50.0, 99.0, 0.0, 50.0, 16.0, 1.0, 97.0, 33.0, 10.0, 63.0, 99.0, 98.0, 39.0, 55.0, 1.0, 4.0, 8.0, 1.0, 2.0, 98.0, 95.0, 97.0, 19.0, 98.0, 71.0, 80.0, 28.0, 49.0, 16.0, 0.0, 43.0, 99.0, 0.0, 1.0, 2.0, 2.0, 9.0, 1.0, 7.0, 2.0, 1.0, 9.0, 2.0, 56.0, 2.0]","[99.0, 97.96, 97.29, 98.1, 98.14, 96.65, 86.82, 80.23, 65.68, 85.54, 94.75, 91.25, 77.87, 71.89, 74.63, 54.75, 55.29, 51.57, 56.87, 51.31, 43.28, 60.44, 48.14, 39.38, 44.4, 56.16, 57.18, 45.55, 43.66, 41.08, 38.22, 37.96, 40.1, 43.75, 55.19, 66.21, 65.01, 65.04, 59.23, 59.85, 60.47, 47.95, 43.36, 33.94, 32.63, 34.76, 31.15, 24.43, 22.44, 22.17, 16.3, 16.7, 12.83, 12.15, 5.45, 5.79, 4.33, 4.32, 8.71]"
45,[17],"[0, 3, 2, 4, 16, 10, 13, 9, 15, 50, 32, 14, 11, 6, 1, 7, 59, 12, 57, 5, 31, 49, 38, 46, 28, 27, 30, 26, 20, 24, 23, 18, 29, 35, 22, 21, 19, 8, 53, 58, 37, 45, 51, 36, 25, 48, 56, 34, 52, 55, 33, 47, 41, 42, 40, 44, 54, 43, 39]","[95.0, 10.0, 97.0, 33.0, 98.0, 98.0, 63.0, 80.0, 10.0, 0.0, 99.0, 49.0, 97.0, 95.0, 98.0, 28.0, 0.0, 50.0, 1.0, 71.0, 55.0, 99.0, 19.0, 16.0, 97.0, 99.0, 99.0, 99.0, 82.0, 85.0, 4.0, 92.0, 99.0, 43.0, 97.0, 99.0, 99.0, 39.0, 3.0, 1.0, 50.0, 2.0, 4.0, 1.0, 16.0, 8.0, 2.0, 2.0, 1.0, 0.0, 1.0, 9.0, 7.0, 2.0, 9.0, 2.0, 56.0, 1.0, 2.0]","[7.0, 65.08, 60.52, 84.72, 76.86, 83.61, 81.47, 75.22, 80.8, 78.72, 65.14, 73.29, 70.37, 75.56, 70.18, 70.78, 67.02, 56.72, 55.05, 51.6, 52.99, 50.33, 51.13, 49.5, 47.94, 63.63, 76.42, 85.61, 64.2, 69.33, 72.4, 59.31, 59.37, 61.29, 51.19, 65.03, 83.57, 60.71, 56.46, 53.29, 56.14, 45.15, 42.17, 41.65, 36.0, 24.0, 27.81, 26.25, 15.9, 18.2, 17.92, 13.85, 10.68, 8.79, 7.33, 6.42, 3.96, 5.11, 2.94]"
46,[56],"[0, 3, 2, 12, 8, 13, 32, 1, 45, 58, 4, 5, 48, 31, 11, 10, 6, 15, 59, 16, 9, 7, 14, 49, 28, 30, 26, 27, 35, 38, 46, 20, 18, 24, 19, 21, 22, 23, 29, 51, 17, 53, 37, 50, 25, 36, 57, 52, 34, 55, 41, 47, 42, 33, 44, 40, 54, 43, 39]","[95.0, 10.0, 97.0, 50.0, 39.0, 63.0, 99.0, 98.0, 2.0, 1.0, 33.0, 71.0, 8.0, 55.0, 97.0, 98.0, 95.0, 10.0, 0.0, 98.0, 80.0, 28.0, 49.0, 99.0, 97.0, 99.0, 99.0, 99.0, 43.0, 19.0, 16.0, 82.0, 92.0, 85.0, 99.0, 99.0, 97.0, 4.0, 99.0, 4.0, 7.0, 3.0, 50.0, 0.0, 16.0, 1.0, 1.0, 1.0, 2.0, 0.0, 7.0, 9.0, 2.0, 1.0, 2.0, 9.0, 56.0, 1.0, 2.0]","[2.0, 68.96, 60.73, 77.51, 75.36, 70.6, 70.72, 72.81, 82.16, 68.5, 66.31, 62.41, 57.45, 63.76, 62.44, 73.93, 76.18, 76.4, 62.52, 57.73, 67.0, 62.72, 57.9, 55.17, 58.58, 78.43, 92.0, 95.15, 73.83, 63.73, 61.82, 65.01, 73.25, 74.76, 68.63, 80.88, 83.75, 79.32, 60.75, 69.78, 63.42, 58.6, 47.93, 43.94, 34.51, 28.77, 23.43, 24.84, 22.48, 19.11, 19.67, 18.57, 11.97, 8.44, 7.96, 6.47, 5.88, 5.0, 3.66]"
47,[22],"[0, 18, 9, 20, 21, 17, 38, 19, 24, 23, 49, 3, 30, 26, 28, 27, 37, 53, 46, 55, 16, 2, 4, 10, 11, 8, 15, 6, 1, 7, 12, 13, 32, 14, 50, 35, 51, 5, 25, 31, 45, 36, 58, 57, 52, 29, 59, 34, 48, 33, 56, 47, 41, 44, 42, 40, 54, 43, 39]","[95.0, 92.0, 80.0, 82.0, 99.0, 7.0, 19.0, 99.0, 85.0, 4.0, 99.0, 10.0, 99.0, 99.0, 97.0, 99.0, 50.0, 3.0, 16.0, 0.0, 98.0, 97.0, 33.0, 98.0, 97.0, 39.0, 10.0, 95.0, 98.0, 28.0, 50.0, 63.0, 99.0, 49.0, 0.0, 43.0, 4.0, 71.0, 16.0, 55.0, 2.0, 1.0, 1.0, 1.0, 1.0, 99.0, 0.0, 2.0, 8.0, 1.0, 2.0, 9.0, 7.0, 2.0, 2.0, 9.0, 56.0, 1.0, 2.0]","[97.0, 96.54, 95.22, 93.86, 91.25, 92.31, 90.09, 85.58, 91.15, 79.06, 82.85, 85.29, 72.63, 86.62, 88.74, 96.0, 82.56, 65.65, 64.44, 66.41, 50.8, 60.5, 73.77, 61.47, 73.47, 73.54, 68.44, 66.33, 62.56, 60.69, 59.75, 53.31, 59.56, 53.51, 46.26, 49.83, 51.58, 46.97, 43.35, 45.04, 40.87, 40.96, 44.28, 29.12, 28.34, 31.5, 27.77, 21.58, 19.52, 17.33, 20.0, 12.2, 11.32, 7.54, 7.65, 5.87, 5.74, 5.19, 3.96]"
48,[35],"[0, 3, 8, 12, 13, 28, 30, 27, 26, 21, 19, 20, 24, 18, 22, 17, 37, 23, 49, 53, 46, 15, 56, 58, 48, 16, 2, 4, 32, 14, 1, 6, 10, 38, 9, 11, 7, 29, 31, 51, 50, 5, 25, 45, 34, 59, 52, 57, 36, 33, 55, 47, 41, 42, 54, 44, 40, 39, 43]","[95.0, 10.0, 39.0, 50.0, 63.0, 97.0, 99.0, 99.0, 99.0, 99.0, 99.0, 82.0, 85.0, 92.0, 97.0, 7.0, 50.0, 4.0, 99.0, 3.0, 16.0, 10.0, 2.0, 1.0, 8.0, 98.0, 97.0, 33.0, 99.0, 49.0, 98.0, 95.0, 98.0, 19.0, 80.0, 97.0, 28.0, 99.0, 55.0, 4.0, 0.0, 71.0, 16.0, 2.0, 2.0, 0.0, 1.0, 1.0, 1.0, 1.0, 0.0, 9.0, 7.0, 2.0, 56.0, 2.0, 9.0, 2.0, 1.0]","[43.0, 77.84, 66.37, 63.89, 63.88, 68.41, 85.01, 91.09, 89.93, 78.26, 89.11, 96.21, 94.18, 88.07, 84.14, 82.17, 77.62, 76.5, 64.31, 67.86, 63.59, 59.1, 57.91, 52.29, 50.94, 47.41, 62.74, 62.97, 49.03, 59.99, 56.01, 59.56, 65.0, 70.65, 65.47, 64.0, 64.97, 49.51, 62.24, 61.82, 48.52, 48.69, 47.26, 46.32, 34.92, 30.59, 22.6, 25.28, 21.76, 20.75, 17.12, 14.39, 13.7, 11.89, 8.22, 11.32, 5.35, 5.24, 3.85]"
49,[4],"[0, 28, 29, 49, 26, 30, 27, 56, 3, 20, 24, 18, 22, 19, 21, 17, 23, 37, 51, 2, 12, 16, 10, 15, 13, 32, 1, 6, 14, 9, 8, 38, 31, 50, 11, 7, 53, 45, 5, 58, 46, 25, 36, 35, 57, 59, 34, 48, 52, 55, 33, 47, 41, 42, 44, 54, 39, 40, 43]","[95.0, 97.0, 99.0, 99.0, 99.0, 99.0, 99.0, 2.0, 10.0, 82.0, 85.0, 92.0, 97.0, 99.0, 99.0, 7.0, 4.0, 50.0, 4.0, 97.0, 50.0, 98.0, 98.0, 10.0, 63.0, 99.0, 98.0, 95.0, 49.0, 80.0, 39.0, 19.0, 55.0, 0.0, 97.0, 28.0, 3.0, 2.0, 71.0, 1.0, 16.0, 16.0, 1.0, 43.0, 1.0, 0.0, 2.0, 8.0, 1.0, 0.0, 1.0, 9.0, 7.0, 2.0, 2.0, 56.0, 2.0, 9.0, 1.0]","[33.0, 72.68, 82.04, 87.22, 84.32, 91.1, 96.9, 91.02, 88.4, 74.96, 79.18, 82.53, 81.09, 85.48, 92.2, 85.5, 82.14, 67.84, 55.54, 57.68, 72.75, 67.67, 75.28, 81.23, 73.1, 70.01, 76.21, 78.19, 74.59, 66.05, 74.84, 68.21, 63.5, 63.32, 64.53, 58.44, 55.75, 52.58, 51.07, 49.93, 48.0, 44.22, 33.89, 33.08, 34.34, 33.02, 25.99, 24.18, 18.43, 17.88, 15.98, 13.63, 8.9, 9.9, 6.18, 5.73, 6.38, 4.16, 3.94]"
50,[31],"[0, 26, 27, 30, 28, 18, 19, 20, 24, 37, 21, 22, 17, 23, 49, 3, 36, 55, 12, 46, 2, 4, 16, 10, 11, 15, 6, 38, 8, 29, 9, 51, 13, 32, 1, 7, 14, 50, 53, 5, 59, 35, 45, 58, 25, 57, 52, 34, 33, 48, 56, 47, 41, 44, 54, 42, 40, 39, 43]","[95.0, 99.0, 99.0, 99.0, 97.0, 92.0, 99.0, 82.0, 85.0, 50.0, 99.0, 97.0, 7.0, 4.0, 99.0, 10.0, 1.0, 0.0, 50.0, 16.0, 97.0, 33.0, 98.0, 98.0, 97.0, 10.0, 95.0, 19.0, 39.0, 99.0, 80.0, 4.0, 63.0, 99.0, 98.0, 28.0, 49.0, 0.0, 3.0, 71.0, 0.0, 43.0, 2.0, 1.0, 16.0, 1.0, 1.0, 2.0, 1.0, 8.0, 2.0, 9.0, 7.0, 2.0, 56.0, 2.0, 9.0, 2.0, 1.0]","[55.0, 79.8, 93.0, 97.4, 94.96, 89.5, 95.01, 97.18, 93.7, 93.86, 92.13, 90.25, 86.9, 78.13, 74.89, 79.39, 68.84, 60.71, 50.44, 56.04, 50.17, 58.06, 54.91, 61.51, 75.95, 82.16, 72.12, 80.49, 70.95, 68.48, 67.61, 69.69, 66.76, 63.01, 74.63, 65.88, 52.81, 49.56, 46.53, 42.79, 38.84, 42.32, 38.92, 35.06, 33.24, 27.36, 25.82, 24.6, 21.32, 19.41, 18.76, 14.78, 13.05, 12.35, 5.79, 14.67, 4.8, 4.63, 4.33]"
51,[15],"[0, 28, 36, 30, 27, 26, 19, 20, 24, 21, 22, 18, 23, 17, 49, 37, 3, 2, 13, 1, 8, 32, 58, 12, 38, 46, 45, 31, 9, 4, 6, 11, 7, 10, 16, 14, 5, 29, 51, 25, 50, 53, 59, 35, 57, 34, 48, 56, 52, 33, 55, 41, 42, 47, 44, 40, 39, 43, 54]","[95.0, 97.0, 1.0, 99.0, 99.0, 99.0, 99.0, 82.0, 85.0, 99.0, 97.0, 92.0, 4.0, 7.0, 99.0, 50.0, 10.0, 97.0, 63.0, 98.0, 39.0, 99.0, 1.0, 50.0, 19.0, 16.0, 2.0, 55.0, 80.0, 33.0, 95.0, 97.0, 28.0, 98.0, 98.0, 49.0, 71.0, 99.0, 4.0, 16.0, 0.0, 3.0, 0.0, 43.0, 1.0, 2.0, 8.0, 2.0, 1.0, 1.0, 0.0, 7.0, 2.0, 9.0, 2.0, 9.0, 2.0, 1.0, 56.0]","[10.0, 65.25, 77.81, 76.37, 90.82, 89.61, 71.25, 92.39, 91.42, 90.42, 93.68, 88.47, 85.96, 73.41, 67.45, 76.28, 76.42, 48.77, 73.16, 69.42, 74.7, 68.6, 68.65, 67.51, 61.63, 55.41, 52.0, 53.0, 49.41, 54.73, 53.59, 62.0, 67.79, 60.51, 65.61, 60.82, 50.88, 44.45, 61.99, 41.79, 44.73, 40.16, 37.34, 30.69, 30.23, 27.78, 23.41, 24.28, 19.52, 18.85, 19.77, 15.67, 13.87, 11.8, 6.74, 5.58, 4.87, 3.76, 2.98]"
52,[17],"[0, 3, 2, 4, 16, 10, 13, 9, 15, 50, 32, 14, 11, 6, 1, 7, 59, 12, 57, 5, 31, 49, 38, 46, 28, 27, 30, 26, 20, 24, 23, 18, 29, 35, 22, 21, 19, 8, 53, 58, 37, 45, 51, 36, 25, 48, 56, 34, 52, 55, 33, 47, 41, 42, 40, 44, 54, 43, 39]","[95.0, 10.0, 97.0, 33.0, 98.0, 98.0, 63.0, 80.0, 10.0, 0.0, 99.0, 49.0, 97.0, 95.0, 98.0, 28.0, 0.0, 50.0, 1.0, 71.0, 55.0, 99.0, 19.0, 16.0, 97.0, 99.0, 99.0, 99.0, 82.0, 85.0, 4.0, 92.0, 99.0, 43.0, 97.0, 99.0, 99.0, 39.0, 3.0, 1.0, 50.0, 2.0, 4.0, 1.0, 16.0, 8.0, 2.0, 2.0, 1.0, 0.0, 1.0, 9.0, 7.0, 2.0, 9.0, 2.0, 56.0, 1.0, 2.0]","[7.0, 65.08, 60.52, 84.72, 76.86, 83.61, 81.47, 75.22, 80.8, 78.72, 65.14, 73.29, 70.37, 75.56, 70.18, 70.78, 67.02, 56.72, 55.05, 51.6, 52.99, 50.33, 51.13, 49.5, 47.94, 63.63, 76.42, 85.61, 64.2, 69.33, 72.4, 59.31, 59.37, 61.29, 51.19, 65.03, 83.57, 60.71, 56.46, 53.29, 56.14, 45.15, 42.17, 41.65, 36.0, 24.0, 27.81, 26.25, 15.9, 18.2, 17.92, 13.85, 10.68, 8.79, 7.33, 6.42, 3.96, 5.11, 2.94]"
53,[39],"[0, 3, 12, 2, 8, 13, 32, 1, 48, 58, 10, 4, 16, 14, 11, 6, 15, 31, 9, 7, 50, 59, 49, 5, 29, 22, 21, 17, 18, 28, 27, 20, 38, 30, 26, 19, 24, 23, 37, 53, 46, 51, 45, 36, 35, 25, 57, 34, 52, 56, 47, 33, 55, 41, 42, 54, 44, 43, 40]","[95.0, 10.0, 50.0, 97.0, 39.0, 63.0, 99.0, 98.0, 8.0, 1.0, 98.0, 33.0, 98.0, 49.0, 97.0, 95.0, 10.0, 55.0, 80.0, 28.0, 0.0, 0.0, 99.0, 71.0, 99.0, 97.0, 99.0, 7.0, 92.0, 97.0, 99.0, 82.0, 19.0, 99.0, 99.0, 99.0, 85.0, 4.0, 50.0, 3.0, 16.0, 4.0, 2.0, 1.0, 43.0, 16.0, 1.0, 2.0, 1.0, 2.0, 9.0, 1.0, 0.0, 7.0, 2.0, 56.0, 2.0, 1.0, 9.0]","[2.0, 69.89, 60.73, 64.23, 75.1, 67.32, 69.86, 68.32, 77.05, 76.62, 60.58, 78.42, 69.36, 74.24, 78.04, 69.31, 75.89, 66.09, 64.99, 59.54, 53.39, 54.37, 54.83, 57.91, 58.1, 56.86, 81.9, 89.44, 69.32, 60.17, 85.43, 88.57, 90.75, 85.59, 91.0, 83.07, 92.99, 83.58, 48.39, 50.02, 45.38, 45.39, 34.67, 37.45, 35.51, 35.28, 24.55, 24.33, 24.43, 16.17, 16.78, 15.53, 15.26, 11.54, 8.09, 7.83, 10.19, 5.34, 5.68]"
54,[58],"[0, 3, 2, 4, 16, 10, 13, 11, 8, 15, 14, 6, 9, 32, 31, 1, 17, 50, 7, 12, 59, 5, 49, 46, 28, 30, 27, 26, 38, 29, 53, 45, 35, 20, 24, 18, 19, 21, 22, 23, 37, 51, 25, 36, 57, 48, 52, 33, 56, 34, 47, 55, 41, 44, 42, 43, 40, 54, 39]","[95.0, 10.0, 97.0, 33.0, 98.0, 98.0, 63.0, 97.0, 39.0, 10.0, 49.0, 95.0, 80.0, 99.0, 55.0, 98.0, 7.0, 0.0, 28.0, 50.0, 0.0, 71.0, 99.0, 16.0, 97.0, 99.0, 99.0, 99.0, 19.0, 99.0, 3.0, 2.0, 43.0, 82.0, 85.0, 92.0, 99.0, 99.0, 97.0, 4.0, 50.0, 4.0, 16.0, 1.0, 1.0, 8.0, 1.0, 1.0, 2.0, 2.0, 9.0, 0.0, 7.0, 2.0, 2.0, 1.0, 9.0, 56.0, 2.0]","[1.0, 69.62, 59.47, 84.13, 73.11, 77.43, 76.87, 71.89, 79.4, 78.43, 70.79, 70.39, 73.15, 67.97, 74.67, 65.84, 67.89, 63.7, 58.24, 60.3, 53.08, 51.91, 46.53, 50.14, 45.84, 66.02, 86.16, 93.85, 69.98, 61.86, 52.92, 51.55, 47.93, 44.85, 64.86, 70.34, 65.98, 84.25, 83.72, 80.95, 49.69, 52.99, 37.35, 41.02, 29.93, 28.35, 26.7, 19.38, 21.63, 17.88, 17.42, 17.46, 13.08, 10.04, 6.75, 6.63, 5.47, 4.12, 3.27]"
55,[5],"[0, 28, 30, 27, 26, 20, 3, 56, 18, 24, 19, 21, 22, 17, 23, 46, 2, 1, 8, 58, 6, 16, 11, 49, 38, 4, 13, 15, 32, 12, 9, 10, 7, 14, 50, 31, 53, 25, 37, 57, 35, 45, 36, 29, 51, 59, 52, 34, 55, 47, 48, 33, 44, 41, 54, 42, 40, 43, 39]","[95.0, 97.0, 99.0, 99.0, 99.0, 82.0, 10.0, 2.0, 92.0, 85.0, 99.0, 99.0, 97.0, 7.0, 4.0, 16.0, 97.0, 98.0, 39.0, 1.0, 95.0, 98.0, 97.0, 99.0, 19.0, 33.0, 63.0, 10.0, 99.0, 50.0, 80.0, 98.0, 28.0, 49.0, 0.0, 55.0, 3.0, 16.0, 50.0, 1.0, 43.0, 2.0, 1.0, 99.0, 4.0, 0.0, 1.0, 2.0, 0.0, 9.0, 8.0, 1.0, 2.0, 7.0, 56.0, 2.0, 9.0, 1.0, 2.0]","[71.0, 86.12, 90.76, 94.84, 95.62, 92.52, 91.45, 88.5, 84.34, 86.11, 82.47, 89.49, 89.91, 87.6, 82.81, 62.52, 64.68, 77.76, 86.27, 75.87, 69.31, 71.58, 76.14, 80.15, 84.22, 78.26, 73.51, 69.93, 66.98, 69.42, 69.01, 70.99, 64.43, 61.09, 52.02, 51.93, 50.63, 44.7, 43.15, 42.62, 36.89, 33.52, 32.63, 30.67, 48.64, 32.8, 24.6, 25.1, 24.88, 24.16, 17.71, 18.48, 10.74, 10.45, 7.96, 14.97, 6.02, 5.27, 3.65]"
56,[54],"[0, 3, 2, 4, 13, 32, 17, 12, 1, 58, 5, 25, 6, 11, 10, 15, 8, 14, 9, 50, 16, 7, 31, 59, 49, 28, 30, 27, 26, 38, 46, 29, 53, 45, 35, 20, 24, 23, 22, 21, 19, 51, 18, 37, 36, 57, 42, 55, 56, 48, 52, 34, 33, 47, 44, 41, 40, 43, 39]","[95.0, 10.0, 97.0, 33.0, 63.0, 99.0, 7.0, 50.0, 98.0, 1.0, 71.0, 16.0, 95.0, 97.0, 98.0, 10.0, 39.0, 49.0, 80.0, 0.0, 98.0, 28.0, 55.0, 0.0, 99.0, 97.0, 99.0, 99.0, 99.0, 19.0, 16.0, 99.0, 3.0, 2.0, 43.0, 82.0, 85.0, 4.0, 97.0, 99.0, 99.0, 4.0, 92.0, 50.0, 1.0, 1.0, 2.0, 0.0, 2.0, 8.0, 1.0, 2.0, 1.0, 9.0, 2.0, 7.0, 9.0, 1.0, 2.0]","[56.0, 84.47, 66.62, 82.77, 75.41, 71.58, 77.95, 81.96, 70.05, 73.36, 69.92, 71.56, 64.47, 77.48, 81.5, 75.16, 73.02, 71.56, 58.26, 58.74, 56.68, 53.31, 53.41, 47.54, 58.53, 49.4, 76.74, 87.72, 89.02, 72.16, 57.23, 56.07, 54.54, 53.3, 46.02, 52.97, 71.14, 70.69, 60.39, 73.75, 84.56, 59.83, 66.56, 64.72, 44.19, 35.91, 32.04, 31.56, 28.4, 28.57, 23.83, 20.89, 18.76, 16.32, 13.14, 8.44, 5.74, 5.22, 3.62]"
57,[2],"[0, 16, 29, 53, 15, 28, 27, 26, 30, 49, 18, 20, 22, 45, 35, 19, 24, 21, 23, 3, 9, 38, 17, 6, 4, 11, 10, 8, 51, 1, 12, 50, 13, 32, 14, 7, 58, 5, 31, 46, 37, 25, 52, 59, 36, 57, 34, 44, 55, 48, 56, 33, 47, 41, 54, 42, 43, 40, 39]","[95.0, 98.0, 99.0, 3.0, 10.0, 97.0, 99.0, 99.0, 99.0, 99.0, 92.0, 82.0, 97.0, 2.0, 43.0, 99.0, 85.0, 99.0, 4.0, 10.0, 80.0, 19.0, 7.0, 95.0, 33.0, 97.0, 98.0, 39.0, 4.0, 98.0, 50.0, 0.0, 63.0, 99.0, 49.0, 28.0, 1.0, 71.0, 55.0, 16.0, 50.0, 16.0, 1.0, 0.0, 1.0, 1.0, 2.0, 2.0, 0.0, 8.0, 2.0, 1.0, 9.0, 7.0, 56.0, 2.0, 1.0, 9.0, 2.0]","[97.0, 96.44, 96.81, 97.62, 95.5, 78.56, 85.32, 89.68, 96.21, 82.6, 86.02, 90.36, 87.53, 88.63, 89.07, 87.24, 94.47, 91.98, 84.05, 79.79, 72.41, 74.75, 73.25, 67.43, 70.77, 66.3, 68.77, 67.69, 62.68, 62.85, 67.96, 62.26, 66.61, 58.02, 65.26, 56.58, 54.98, 53.57, 54.75, 52.5, 51.33, 42.36, 39.08, 37.84, 31.59, 27.32, 26.77, 22.16, 23.93, 22.77, 19.16, 14.33, 11.13, 10.23, 9.42, 15.99, 4.76, 4.94, 3.5]"
58,[37],"[0, 3, 8, 26, 27, 30, 28, 20, 24, 18, 19, 21, 17, 23, 22, 49, 53, 15, 58, 46, 56, 48, 16, 9, 6, 38, 11, 7, 10, 2, 4, 12, 13, 32, 1, 14, 5, 25, 31, 51, 50, 45, 36, 29, 59, 35, 57, 34, 52, 55, 47, 33, 42, 44, 41, 54, 40, 43, 39]","[95.0, 10.0, 39.0, 99.0, 99.0, 99.0, 97.0, 82.0, 85.0, 92.0, 99.0, 99.0, 7.0, 4.0, 97.0, 99.0, 3.0, 10.0, 1.0, 16.0, 2.0, 8.0, 98.0, 80.0, 95.0, 19.0, 97.0, 28.0, 98.0, 97.0, 33.0, 50.0, 63.0, 99.0, 98.0, 49.0, 71.0, 16.0, 55.0, 4.0, 0.0, 2.0, 1.0, 99.0, 0.0, 43.0, 1.0, 2.0, 1.0, 0.0, 9.0, 1.0, 2.0, 2.0, 7.0, 56.0, 9.0, 1.0, 2.0]","[50.0, 81.05, 70.2, 62.15, 88.19, 96.73, 96.57, 87.5, 85.41, 85.93, 85.69, 92.4, 88.27, 79.95, 82.44, 66.68, 66.31, 54.55, 45.14, 44.9, 60.04, 41.9, 40.61, 46.6, 58.51, 62.22, 59.54, 64.86, 52.33, 58.47, 63.47, 49.12, 53.82, 47.46, 65.18, 56.44, 47.4, 48.25, 48.06, 46.58, 47.35, 40.7, 36.69, 35.95, 31.61, 31.35, 29.69, 24.62, 22.14, 19.22, 14.78, 17.17, 9.55, 7.89, 9.46, 6.15, 5.99, 4.91, 4.45]"
59,[14],"[0, 26, 30, 27, 28, 19, 20, 24, 35, 21, 22, 18, 49, 3, 58, 23, 37, 36, 46, 17, 12, 2, 4, 8, 45, 13, 32, 1, 15, 31, 29, 51, 16, 10, 9, 6, 38, 11, 7, 5, 50, 53, 25, 59, 57, 48, 52, 56, 34, 33, 55, 42, 41, 47, 44, 40, 54, 43, 39]","[95.0, 99.0, 99.0, 99.0, 97.0, 99.0, 82.0, 85.0, 43.0, 99.0, 97.0, 92.0, 99.0, 10.0, 1.0, 4.0, 50.0, 1.0, 16.0, 7.0, 50.0, 97.0, 33.0, 39.0, 2.0, 63.0, 99.0, 98.0, 10.0, 55.0, 99.0, 4.0, 98.0, 98.0, 80.0, 95.0, 19.0, 97.0, 28.0, 71.0, 0.0, 3.0, 16.0, 0.0, 1.0, 8.0, 1.0, 2.0, 2.0, 1.0, 0.0, 2.0, 7.0, 9.0, 2.0, 9.0, 56.0, 1.0, 2.0]","[49.0, 80.28, 93.84, 97.6, 94.94, 93.0, 98.24, 94.11, 92.13, 92.91, 96.24, 89.95, 83.76, 87.36, 86.12, 82.11, 81.49, 61.86, 58.91, 63.13, 50.69, 51.12, 64.61, 57.52, 59.27, 55.54, 56.49, 51.44, 51.18, 48.71, 46.4, 54.01, 45.69, 55.6, 63.1, 70.43, 75.05, 61.63, 62.26, 49.02, 47.49, 45.71, 40.03, 34.05, 30.02, 28.02, 25.09, 24.6, 21.4, 24.17, 17.67, 13.41, 11.51, 12.88, 6.29, 4.8, 4.8, 6.02, 4.18]"
60,[19],"[0, 18, 23, 22, 49, 3, 21, 24, 26, 20, 30, 27, 28, 37, 17, 53, 46, 56, 2, 1, 8, 12, 55, 4, 32, 13, 48, 16, 6, 11, 10, 38, 7, 15, 9, 51, 14, 5, 25, 50, 31, 58, 36, 29, 59, 45, 35, 52, 34, 57, 41, 47, 33, 43, 40, 54, 42, 44, 39]","[95.0, 92.0, 4.0, 97.0, 99.0, 10.0, 99.0, 85.0, 99.0, 82.0, 99.0, 99.0, 97.0, 50.0, 7.0, 3.0, 16.0, 2.0, 97.0, 98.0, 39.0, 50.0, 0.0, 33.0, 99.0, 63.0, 8.0, 98.0, 95.0, 97.0, 98.0, 19.0, 28.0, 10.0, 80.0, 4.0, 49.0, 71.0, 16.0, 0.0, 55.0, 1.0, 1.0, 99.0, 0.0, 2.0, 43.0, 1.0, 2.0, 1.0, 7.0, 9.0, 1.0, 1.0, 9.0, 56.0, 2.0, 2.0, 2.0]","[99.0, 98.12, 97.28, 86.23, 83.14, 90.86, 85.2, 81.22, 76.77, 82.27, 74.5, 88.69, 93.45, 72.54, 71.2, 66.77, 51.76, 55.33, 57.3, 73.47, 78.49, 74.92, 70.56, 53.41, 50.66, 73.37, 52.86, 53.83, 64.11, 75.53, 70.63, 75.0, 62.33, 60.63, 60.42, 53.01, 55.52, 47.62, 43.39, 45.41, 42.48, 41.55, 40.93, 39.4, 37.0, 39.97, 34.96, 26.45, 21.05, 20.0, 17.99, 17.34, 16.45, 10.09, 6.84, 9.03, 16.75, 6.3, 4.29]"
61,[31],"[0, 26, 27, 30, 28, 18, 19, 20, 24, 37, 21, 22, 17, 23, 49, 3, 36, 55, 12, 46, 2, 4, 16, 10, 11, 15, 6, 38, 8, 29, 9, 51, 13, 32, 1, 7, 14, 50, 53, 5, 59, 35, 45, 58, 25, 57, 52, 34, 33, 48, 56, 47, 41, 44, 54, 42, 40, 39, 43]","[95.0, 99.0, 99.0, 99.0, 97.0, 92.0, 99.0, 82.0, 85.0, 50.0, 99.0, 97.0, 7.0, 4.0, 99.0, 10.0, 1.0, 0.0, 50.0, 16.0, 97.0, 33.0, 98.0, 98.0, 97.0, 10.0, 95.0, 19.0, 39.0, 99.0, 80.0, 4.0, 63.0, 99.0, 98.0, 28.0, 49.0, 0.0, 3.0, 71.0, 0.0, 43.0, 2.0, 1.0, 16.0, 1.0, 1.0, 2.0, 1.0, 8.0, 2.0, 9.0, 7.0, 2.0, 56.0, 2.0, 9.0, 2.0, 1.0]","[55.0, 79.8, 93.0, 97.4, 94.96, 89.5, 95.01, 97.18, 93.7, 93.86, 92.13, 90.25, 86.9, 78.13, 74.89, 79.39, 68.84, 60.71, 50.44, 56.04, 50.17, 58.06, 54.91, 61.51, 75.95, 82.16, 72.12, 80.49, 70.95, 68.48, 67.61, 69.69, 66.76, 63.01, 74.63, 65.88, 52.81, 49.56, 46.53, 42.79, 38.84, 42.32, 38.92, 35.06, 33.24, 27.36, 25.82, 24.6, 21.32, 19.41, 18.76, 14.78, 13.05, 12.35, 5.79, 14.67, 4.8, 4.63, 4.33]"
62,[59],"[0, 26, 30, 27, 28, 18, 20, 22, 35, 21, 19, 24, 23, 49, 3, 37, 56, 58, 46, 2, 12, 8, 17, 15, 32, 13, 1, 48, 53, 45, 4, 31, 9, 16, 6, 38, 10, 11, 7, 14, 50, 5, 29, 51, 25, 36, 57, 34, 52, 55, 33, 47, 41, 54, 42, 44, 40, 39, 43]","[95.0, 99.0, 99.0, 99.0, 97.0, 92.0, 82.0, 97.0, 43.0, 99.0, 99.0, 85.0, 4.0, 99.0, 10.0, 50.0, 2.0, 1.0, 16.0, 97.0, 50.0, 39.0, 7.0, 10.0, 99.0, 63.0, 98.0, 8.0, 3.0, 2.0, 33.0, 55.0, 80.0, 98.0, 95.0, 19.0, 98.0, 97.0, 28.0, 49.0, 0.0, 71.0, 99.0, 4.0, 16.0, 1.0, 1.0, 2.0, 1.0, 0.0, 1.0, 9.0, 7.0, 56.0, 2.0, 2.0, 9.0, 2.0, 1.0]","[0.0, 65.55, 90.87, 98.52, 95.43, 81.85, 92.73, 87.36, 90.0, 89.85, 94.73, 96.25, 81.19, 74.26, 76.33, 70.16, 60.29, 67.38, 56.67, 49.52, 65.1, 66.7, 51.11, 52.92, 51.6, 66.77, 56.14, 47.69, 44.89, 41.45, 34.94, 39.4, 39.41, 52.29, 65.06, 68.64, 62.74, 59.06, 69.14, 51.48, 48.21, 48.44, 40.64, 57.46, 39.76, 30.7, 25.05, 25.53, 21.15, 20.14, 17.28, 16.2, 12.74, 10.31, 21.65, 8.83, 8.1, 5.49, 5.45]"
63,[28],"[0, 30, 20, 53, 27, 26, 24, 21, 22, 19, 35, 18, 49, 23, 3, 58, 37, 12, 17, 15, 46, 56, 48, 2, 1, 8, 32, 13, 45, 5, 4, 31, 51, 11, 6, 16, 38, 9, 10, 7, 14, 25, 50, 59, 29, 36, 57, 34, 52, 41, 55, 42, 33, 47, 54, 44, 40, 39, 43]","[95.0, 99.0, 82.0, 3.0, 99.0, 99.0, 85.0, 99.0, 97.0, 99.0, 43.0, 92.0, 99.0, 4.0, 10.0, 1.0, 50.0, 50.0, 7.0, 10.0, 16.0, 2.0, 8.0, 97.0, 98.0, 39.0, 99.0, 63.0, 2.0, 71.0, 33.0, 55.0, 4.0, 97.0, 95.0, 98.0, 19.0, 80.0, 98.0, 28.0, 49.0, 16.0, 0.0, 0.0, 99.0, 1.0, 1.0, 2.0, 1.0, 7.0, 0.0, 2.0, 1.0, 9.0, 56.0, 2.0, 9.0, 2.0, 1.0]","[97.0, 96.38, 97.62, 93.79, 93.28, 94.9, 85.66, 85.21, 94.89, 96.08, 90.03, 89.86, 81.34, 84.47, 78.84, 65.75, 65.27, 61.03, 58.68, 59.51, 49.47, 52.32, 48.74, 45.57, 53.1, 59.19, 54.58, 68.09, 44.7, 45.0, 47.89, 44.72, 43.96, 43.14, 61.45, 60.25, 65.86, 63.2, 70.91, 61.62, 60.15, 46.53, 45.43, 38.17, 30.05, 34.44, 29.0, 24.5, 22.21, 18.98, 18.35, 13.8, 13.22, 12.27, 6.97, 11.95, 6.42, 3.99, 3.86]"
64,[30],"[0, 18, 28, 27, 26, 23, 3, 53, 21, 22, 19, 24, 20, 17, 37, 49, 46, 55, 56, 2, 12, 8, 4, 15, 13, 32, 1, 31, 48, 58, 16, 6, 9, 38, 10, 11, 7, 14, 5, 29, 51, 35, 25, 45, 50, 33, 36, 59, 57, 52, 34, 47, 41, 54, 42, 44, 40, 39, 43]","[95.0, 92.0, 97.0, 99.0, 99.0, 4.0, 10.0, 3.0, 99.0, 97.0, 99.0, 85.0, 82.0, 7.0, 50.0, 99.0, 16.0, 0.0, 2.0, 97.0, 50.0, 39.0, 33.0, 10.0, 63.0, 99.0, 98.0, 55.0, 8.0, 1.0, 98.0, 95.0, 80.0, 19.0, 98.0, 97.0, 28.0, 49.0, 71.0, 99.0, 4.0, 43.0, 16.0, 2.0, 0.0, 1.0, 1.0, 0.0, 1.0, 1.0, 2.0, 9.0, 7.0, 56.0, 2.0, 2.0, 9.0, 2.0, 1.0]","[99.0, 97.76, 97.17, 96.73, 97.3, 96.54, 87.6, 79.25, 67.51, 85.23, 94.04, 95.78, 77.68, 74.54, 70.69, 55.35, 55.53, 58.7, 55.18, 45.57, 61.59, 58.16, 50.83, 50.56, 52.27, 51.81, 63.54, 53.88, 45.55, 46.97, 44.4, 58.38, 70.43, 70.6, 65.89, 62.09, 68.41, 49.98, 52.06, 48.84, 63.73, 40.2, 42.23, 37.94, 37.24, 35.11, 33.65, 32.84, 22.91, 20.78, 24.23, 13.87, 12.29, 10.53, 20.51, 9.97, 7.02, 4.11, 3.98]"
65,[26],"[0, 18, 30, 28, 27, 23, 3, 53, 21, 19, 24, 22, 20, 17, 37, 49, 55, 12, 46, 52, 2, 4, 15, 13, 32, 1, 8, 31, 58, 51, 48, 36, 45, 16, 6, 11, 38, 10, 5, 9, 7, 14, 25, 50, 35, 29, 59, 33, 34, 56, 47, 57, 41, 42, 43, 40, 39, 54, 44]","[95.0, 92.0, 99.0, 97.0, 99.0, 4.0, 10.0, 3.0, 99.0, 99.0, 85.0, 97.0, 82.0, 7.0, 50.0, 99.0, 0.0, 50.0, 16.0, 1.0, 97.0, 33.0, 10.0, 63.0, 99.0, 98.0, 39.0, 55.0, 1.0, 4.0, 8.0, 1.0, 2.0, 98.0, 95.0, 97.0, 19.0, 98.0, 71.0, 80.0, 28.0, 49.0, 16.0, 0.0, 43.0, 99.0, 0.0, 1.0, 2.0, 2.0, 9.0, 1.0, 7.0, 2.0, 1.0, 9.0, 2.0, 56.0, 2.0]","[99.0, 97.96, 97.29, 98.1, 98.14, 96.65, 86.82, 80.23, 65.68, 85.54, 94.75, 91.25, 77.87, 71.89, 74.63, 54.75, 55.29, 51.57, 56.87, 51.31, 43.28, 60.44, 48.14, 39.38, 44.4, 56.16, 57.18, 45.55, 43.66, 41.08, 38.22, 37.96, 40.1, 43.75, 55.19, 66.21, 65.01, 65.04, 59.23, 59.85, 60.47, 47.95, 43.36, 33.94, 32.63, 34.76, 31.15, 24.43, 22.44, 22.17, 16.3, 16.7, 12.83, 12.15, 5.45, 5.79, 4.33, 4.32, 8.71]"
66,[4],"[0, 28, 29, 49, 26, 30, 27, 56, 3, 20, 24, 18, 22, 19, 21, 17, 23, 37, 51, 2, 12, 16, 10, 15, 13, 32, 1, 6, 14, 9, 8, 38, 31, 50, 11, 7, 53, 45, 5, 58, 46, 25, 36, 35, 57, 59, 34, 48, 52, 55, 33, 47, 41, 42, 44, 54, 39, 40, 43]","[95.0, 97.0, 99.0, 99.0, 99.0, 99.0, 99.0, 2.0, 10.0, 82.0, 85.0, 92.0, 97.0, 99.0, 99.0, 7.0, 4.0, 50.0, 4.0, 97.0, 50.0, 98.0, 98.0, 10.0, 63.0, 99.0, 98.0, 95.0, 49.0, 80.0, 39.0, 19.0, 55.0, 0.0, 97.0, 28.0, 3.0, 2.0, 71.0, 1.0, 16.0, 16.0, 1.0, 43.0, 1.0, 0.0, 2.0, 8.0, 1.0, 0.0, 1.0, 9.0, 7.0, 2.0, 2.0, 56.0, 2.0, 9.0, 1.0]","[33.0, 72.68, 82.04, 87.22, 84.32, 91.1, 96.9, 91.02, 88.4, 74.96, 79.18, 82.53, 81.09, 85.48, 92.2, 85.5, 82.14, 67.84, 55.54, 57.68, 72.75, 67.67, 75.28, 81.23, 73.1, 70.01, 76.21, 78.19, 74.59, 66.05, 74.84, 68.21, 63.5, 63.32, 64.53, 58.44, 55.75, 52.58, 51.07, 49.93, 48.0, 44.22, 33.89, 33.08, 34.34, 33.02, 25.99, 24.18, 18.43, 17.88, 15.98, 13.63, 8.9, 9.9, 6.18, 5.73, 6.38, 4.16, 3.94]"
67,[4],"[0, 28, 29, 49, 26, 30, 27, 56, 3, 20, 24, 18, 22, 19, 21, 17, 23, 37, 51, 2, 12, 16, 10, 15, 13, 32, 1, 6, 14, 9, 8, 38, 31, 50, 11, 7, 53, 45, 5, 58, 46, 25, 36, 35, 57, 59, 34, 48, 52, 55, 33, 47, 41, 42, 44, 54, 39, 40, 43]","[95.0, 97.0, 99.0, 99.0, 99.0, 99.0, 99.0, 2.0, 10.0, 82.0, 85.0, 92.0, 97.0, 99.0, 99.0, 7.0, 4.0, 50.0, 4.0, 97.0, 50.0, 98.0, 98.0, 10.0, 63.0, 99.0, 98.0, 95.0, 49.0, 80.0, 39.0, 19.0, 55.0, 0.0, 97.0, 28.0, 3.0, 2.0, 71.0, 1.0, 16.0, 16.0, 1.0, 43.0, 1.0, 0.0, 2.0, 8.0, 1.0, 0.0, 1.0, 9.0, 7.0, 2.0, 2.0, 56.0, 2.0, 9.0, 1.0]","[33.0, 72.68, 82.04, 87.22, 84.32, 91.1, 96.9, 91.02, 88.4, 74.96, 79.18, 82.53, 81.09, 85.48, 92.2, 85.5, 82.14, 67.84, 55.54, 57.68, 72.75, 67.67, 75.28, 81.23, 73.1, 70.01, 76.21, 78.19, 74.59, 66.05, 74.84, 68.21, 63.5, 63.32, 64.53, 58.44, 55.75, 52.58, 51.07, 49.93, 48.0, 44.22, 33.89, 33.08, 34.34, 33.02, 25.99, 24.18, 18.43, 17.88, 15.98, 13.63, 8.9, 9.9, 6.18, 5.73, 6.38, 4.16, 3.94]"
68,[47],"[0, 2, 4, 13, 32, 49, 29, 28, 3, 26, 30, 27, 19, 20, 23, 22, 31, 38, 21, 24, 1, 8, 18, 17, 58, 36, 12, 16, 10, 14, 6, 11, 15, 9, 7, 51, 46, 45, 37, 50, 59, 53, 5, 35, 56, 25, 48, 57, 52, 33, 55, 34, 41, 44, 54, 42, 40, 43, 39]","[95.0, 97.0, 33.0, 63.0, 99.0, 99.0, 99.0, 97.0, 10.0, 99.0, 99.0, 99.0, 99.0, 82.0, 4.0, 97.0, 55.0, 19.0, 99.0, 85.0, 98.0, 39.0, 92.0, 7.0, 1.0, 1.0, 50.0, 98.0, 98.0, 49.0, 95.0, 97.0, 10.0, 80.0, 28.0, 4.0, 16.0, 2.0, 50.0, 0.0, 0.0, 3.0, 71.0, 43.0, 2.0, 16.0, 8.0, 1.0, 1.0, 1.0, 0.0, 2.0, 7.0, 2.0, 56.0, 2.0, 9.0, 1.0, 2.0]","[9.0, 65.76, 83.96, 78.68, 76.18, 76.82, 80.96, 86.64, 82.88, 88.61, 92.4, 96.2, 89.72, 96.07, 93.47, 82.93, 79.49, 80.1, 82.71, 92.21, 78.73, 83.39, 73.91, 74.97, 70.24, 70.07, 61.45, 56.9, 66.62, 69.04, 68.34, 77.89, 77.14, 73.38, 62.77, 54.48, 53.74, 49.79, 45.31, 43.46, 42.0, 44.62, 38.56, 37.46, 26.82, 26.79, 25.7, 26.02, 20.5, 22.38, 21.46, 19.84, 14.2, 9.64, 8.25, 15.65, 4.08, 4.66, 3.42]"
69,[43],"[0, 3, 13, 2, 4, 32, 12, 17, 55, 25, 10, 16, 14, 49, 28, 27, 26, 30, 46, 29, 53, 15, 31, 36, 11, 9, 8, 6, 7, 50, 22, 1, 35, 38, 21, 24, 19, 20, 23, 18, 51, 58, 37, 5, 45, 59, 48, 52, 34, 56, 57, 33, 47, 41, 44, 54, 42, 40, 39]","[95.0, 10.0, 63.0, 97.0, 33.0, 99.0, 50.0, 7.0, 0.0, 16.0, 98.0, 98.0, 49.0, 99.0, 97.0, 99.0, 99.0, 99.0, 16.0, 99.0, 3.0, 10.0, 55.0, 1.0, 97.0, 80.0, 39.0, 95.0, 28.0, 0.0, 97.0, 98.0, 43.0, 19.0, 99.0, 85.0, 99.0, 82.0, 4.0, 92.0, 4.0, 1.0, 50.0, 71.0, 2.0, 0.0, 8.0, 1.0, 2.0, 2.0, 1.0, 1.0, 9.0, 7.0, 2.0, 56.0, 2.0, 9.0, 2.0]","[1.0, 69.62, 57.77, 63.2, 69.67, 74.35, 76.14, 69.61, 68.16, 68.88, 58.16, 62.54, 71.67, 60.22, 73.11, 75.11, 91.35, 95.04, 78.67, 61.28, 68.55, 55.48, 50.74, 36.46, 29.43, 57.16, 64.67, 52.88, 48.95, 49.36, 39.77, 64.17, 74.5, 71.59, 62.38, 79.34, 85.18, 89.19, 79.21, 57.15, 56.47, 41.98, 44.04, 37.91, 35.81, 28.02, 28.94, 25.22, 19.89, 19.06, 16.18, 19.38, 11.94, 11.6, 7.96, 6.67, 12.23, 4.99, 3.76]"
70,[58],"[0, 3, 2, 4, 16, 10, 13, 11, 8, 15, 14, 6, 9, 32, 31, 1, 17, 50, 7, 12, 59, 5, 49, 46, 28, 30, 27, 26, 38, 29, 53, 45, 35, 20, 24, 18, 19, 21, 22, 23, 37, 51, 25, 36, 57, 48, 52, 33, 56, 34, 47, 55, 41, 44, 42, 43, 40, 54, 39]","[95.0, 10.0, 97.0, 33.0, 98.0, 98.0, 63.0, 97.0, 39.0, 10.0, 49.0, 95.0, 80.0, 99.0, 55.0, 98.0, 7.0, 0.0, 28.0, 50.0, 0.0, 71.0, 99.0, 16.0, 97.0, 99.0, 99.0, 99.0, 19.0, 99.0, 3.0, 2.0, 43.0, 82.0, 85.0, 92.0, 99.0, 99.0, 97.0, 4.0, 50.0, 4.0, 16.0, 1.0, 1.0, 8.0, 1.0, 1.0, 2.0, 2.0, 9.0, 0.0, 7.0, 2.0, 2.0, 1.0, 9.0, 56.0, 2.0]","[1.0, 69.62, 59.47, 84.13, 73.11, 77.43, 76.87, 71.89, 79.4, 78.43, 70.79, 70.39, 73.15, 67.97, 74.67, 65.84, 67.89, 63.7, 58.24, 60.3, 53.08, 51.91, 46.53, 50.14, 45.84, 66.02, 86.16, 93.85, 69.98, 61.86, 52.92, 51.55, 47.93, 44.85, 64.86, 70.34, 65.98, 84.25, 83.72, 80.95, 49.69, 52.99, 37.35, 41.02, 29.93, 28.35, 26.7, 19.38, 21.63, 17.88, 17.42, 17.46, 13.08, 10.04, 6.75, 6.63, 5.47, 4.12, 3.27]"
71,[20],"[0, 3, 26, 56, 28, 27, 30, 19, 24, 21, 22, 18, 17, 23, 37, 46, 2, 1, 12, 58, 4, 8, 13, 32, 49, 38, 31, 48, 5, 15, 10, 6, 16, 9, 11, 7, 14, 53, 50, 25, 45, 29, 51, 59, 35, 34, 57, 52, 36, 55, 33, 47, 42, 41, 44, 54, 40, 43, 39]","[95.0, 10.0, 99.0, 2.0, 97.0, 99.0, 99.0, 99.0, 85.0, 99.0, 97.0, 92.0, 7.0, 4.0, 50.0, 16.0, 97.0, 98.0, 50.0, 1.0, 33.0, 39.0, 63.0, 99.0, 99.0, 19.0, 55.0, 8.0, 71.0, 10.0, 98.0, 95.0, 98.0, 80.0, 97.0, 28.0, 49.0, 3.0, 0.0, 16.0, 2.0, 99.0, 4.0, 0.0, 43.0, 2.0, 1.0, 1.0, 1.0, 0.0, 1.0, 9.0, 2.0, 7.0, 2.0, 56.0, 9.0, 1.0, 2.0]","[82.0, 90.97, 81.97, 87.07, 84.86, 92.62, 90.14, 84.16, 92.71, 90.91, 90.53, 89.0, 89.34, 83.46, 59.32, 58.56, 57.57, 79.49, 82.41, 72.05, 70.04, 60.09, 54.11, 65.49, 48.08, 46.58, 45.25, 46.92, 48.1, 57.53, 46.71, 61.88, 70.74, 68.52, 65.17, 62.86, 62.25, 46.5, 46.53, 46.0, 42.81, 41.54, 53.63, 38.8, 32.45, 30.8, 26.57, 24.64, 20.81, 25.97, 19.06, 14.23, 12.19, 11.12, 8.62, 8.41, 4.88, 5.47, 3.44]"
72,[4],"[0, 28, 29, 49, 26, 30, 27, 56, 3, 20, 24, 18, 22, 19, 21, 17, 23, 37, 51, 2, 12, 16, 10, 15, 13, 32, 1, 6, 14, 9, 8, 38, 31, 50, 11, 7, 53, 45, 5, 58, 46, 25, 36, 35, 57, 59, 34, 48, 52, 55, 33, 47, 41, 42, 44, 54, 39, 40, 43]","[95.0, 97.0, 99.0, 99.0, 99.0, 99.0, 99.0, 2.0, 10.0, 82.0, 85.0, 92.0, 97.0, 99.0, 99.0, 7.0, 4.0, 50.0, 4.0, 97.0, 50.0, 98.0, 98.0, 10.0, 63.0, 99.0, 98.0, 95.0, 49.0, 80.0, 39.0, 19.0, 55.0, 0.0, 97.0, 28.0, 3.0, 2.0, 71.0, 1.0, 16.0, 16.0, 1.0, 43.0, 1.0, 0.0, 2.0, 8.0, 1.0, 0.0, 1.0, 9.0, 7.0, 2.0, 2.0, 56.0, 2.0, 9.0, 1.0]","[33.0, 72.68, 82.04, 87.22, 84.32, 91.1, 96.9, 91.02, 88.4, 74.96, 79.18, 82.53, 81.09, 85.48, 92.2, 85.5, 82.14, 67.84, 55.54, 57.68, 72.75, 67.67, 75.28, 81.23, 73.1, 70.01, 76.21, 78.19, 74.59, 66.05, 74.84, 68.21, 63.5, 63.32, 64.53, 58.44, 55.75, 52.58, 51.07, 49.93, 48.0, 44.22, 33.89, 33.08, 34.34, 33.02, 25.99, 24.18, 18.43, 17.88, 15.98, 13.63, 8.9, 9.9, 6.18, 5.73, 6.38, 4.16, 3.94]"
73,[17],"[0, 3, 2, 4, 16, 10, 13, 9, 15, 50, 32, 14, 11, 6, 1, 7, 59, 12, 57, 5, 31, 49, 38, 46, 28, 27, 30, 26, 20, 24, 23, 18, 29, 35, 22, 21, 19, 8, 53, 58, 37, 45, 51, 36, 25, 48, 56, 34, 52, 55, 33, 47, 41, 42, 40, 44, 54, 43, 39]","[95.0, 10.0, 97.0, 33.0, 98.0, 98.0, 63.0, 80.0, 10.0, 0.0, 99.0, 49.0, 97.0, 95.0, 98.0, 28.0, 0.0, 50.0, 1.0, 71.0, 55.0, 99.0, 19.0, 16.0, 97.0, 99.0, 99.0, 99.0, 82.0, 85.0, 4.0, 92.0, 99.0, 43.0, 97.0, 99.0, 99.0, 39.0, 3.0, 1.0, 50.0, 2.0, 4.0, 1.0, 16.0, 8.0, 2.0, 2.0, 1.0, 0.0, 1.0, 9.0, 7.0, 2.0, 9.0, 2.0, 56.0, 1.0, 2.0]","[7.0, 65.08, 60.52, 84.72, 76.86, 83.61, 81.47, 75.22, 80.8, 78.72, 65.14, 73.29, 70.37, 75.56, 70.18, 70.78, 67.02, 56.72, 55.05, 51.6, 52.99, 50.33, 51.13, 49.5, 47.94, 63.63, 76.42, 85.61, 64.2, 69.33, 72.4, 59.31, 59.37, 61.29, 51.19, 65.03, 83.57, 60.71, 56.46, 53.29, 56.14, 45.15, 42.17, 41.65, 36.0, 24.0, 27.81, 26.25, 15.9, 18.2, 17.92, 13.85, 10.68, 8.79, 7.33, 6.42, 3.96, 5.11, 2.94]"
74,[55],"[0, 3, 31, 36, 28, 27, 30, 26, 19, 20, 24, 22, 21, 18, 17, 23, 49, 37, 2, 13, 12, 4, 16, 10, 11, 15, 38, 9, 6, 8, 14, 32, 1, 7, 46, 51, 50, 5, 25, 58, 29, 53, 45, 35, 59, 34, 48, 57, 56, 52, 33, 42, 47, 41, 40, 44, 39, 54, 43]","[95.0, 10.0, 55.0, 1.0, 97.0, 99.0, 99.0, 99.0, 99.0, 82.0, 85.0, 97.0, 99.0, 92.0, 7.0, 4.0, 99.0, 50.0, 97.0, 63.0, 50.0, 33.0, 98.0, 98.0, 97.0, 10.0, 19.0, 80.0, 95.0, 39.0, 49.0, 99.0, 98.0, 28.0, 16.0, 4.0, 0.0, 71.0, 16.0, 1.0, 99.0, 3.0, 2.0, 43.0, 0.0, 2.0, 8.0, 1.0, 2.0, 1.0, 1.0, 2.0, 9.0, 7.0, 9.0, 2.0, 2.0, 56.0, 1.0]","[0.0, 64.6, 58.85, 62.15, 56.26, 77.39, 83.92, 87.13, 75.49, 87.06, 88.64, 86.56, 94.26, 89.0, 85.14, 84.41, 53.42, 75.95, 54.64, 71.2, 65.53, 66.96, 58.51, 70.3, 72.94, 83.34, 70.95, 63.78, 67.4, 73.32, 61.56, 58.39, 67.27, 65.33, 61.11, 54.98, 51.83, 42.77, 41.3, 42.99, 38.08, 42.31, 33.6, 35.24, 28.46, 27.48, 26.36, 24.64, 27.62, 22.4, 17.42, 13.21, 13.84, 10.0, 8.59, 7.67, 4.95, 6.19, 5.37]"
75,[28],"[0, 30, 20, 53, 27, 26, 24, 21, 22, 19, 35, 18, 49, 23, 3, 58, 37, 12, 17, 15, 46, 56, 48, 2, 1, 8, 32, 13, 45, 5, 4, 31, 51, 11, 6, 16, 38, 9, 10, 7, 14, 25, 50, 59, 29, 36, 57, 34, 52, 41, 55, 42, 33, 47, 54, 44, 40, 39, 43]","[95.0, 99.0, 82.0, 3.0, 99.0, 99.0, 85.0, 99.0, 97.0, 99.0, 43.0, 92.0, 99.0, 4.0, 10.0, 1.0, 50.0, 50.0, 7.0, 10.0, 16.0, 2.0, 8.0, 97.0, 98.0, 39.0, 99.0, 63.0, 2.0, 71.0, 33.0, 55.0, 4.0, 97.0, 95.0, 98.0, 19.0, 80.0, 98.0, 28.0, 49.0, 16.0, 0.0, 0.0, 99.0, 1.0, 1.0, 2.0, 1.0, 7.0, 0.0, 2.0, 1.0, 9.0, 56.0, 2.0, 9.0, 2.0, 1.0]","[97.0, 96.38, 97.62, 93.79, 93.28, 94.9, 85.66, 85.21, 94.89, 96.08, 90.03, 89.86, 81.34, 84.47, 78.84, 65.75, 65.27, 61.03, 58.68, 59.51, 49.47, 52.32, 48.74, 45.57, 53.1, 59.19, 54.58, 68.09, 44.7, 45.0, 47.89, 44.72, 43.96, 43.14, 61.45, 60.25, 65.86, 63.2, 70.91, 61.62, 60.15, 46.53, 45.43, 38.17, 30.05, 34.44, 29.0, 24.5, 22.21, 18.98, 18.35, 13.8, 13.22, 12.27, 6.97, 11.95, 6.42, 3.99, 3.86]"
76,[23],"[0, 3, 2, 10, 4, 13, 16, 55, 46, 14, 32, 31, 49, 28, 29, 53, 12, 9, 15, 6, 8, 50, 11, 27, 26, 30, 38, 7, 59, 1, 35, 45, 5, 22, 21, 24, 19, 20, 51, 18, 17, 37, 36, 58, 25, 56, 48, 34, 57, 52, 33, 47, 41, 54, 42, 44, 40, 39, 43]","[95.0, 10.0, 97.0, 98.0, 33.0, 63.0, 98.0, 0.0, 16.0, 49.0, 99.0, 55.0, 99.0, 97.0, 99.0, 3.0, 50.0, 80.0, 10.0, 95.0, 39.0, 0.0, 97.0, 99.0, 99.0, 99.0, 19.0, 28.0, 0.0, 98.0, 43.0, 2.0, 71.0, 97.0, 99.0, 85.0, 99.0, 82.0, 4.0, 92.0, 7.0, 50.0, 1.0, 1.0, 16.0, 2.0, 8.0, 2.0, 1.0, 1.0, 1.0, 9.0, 7.0, 56.0, 2.0, 2.0, 9.0, 2.0, 1.0]","[4.0, 66.79, 59.98, 84.79, 91.46, 79.68, 78.39, 78.08, 63.13, 66.95, 57.8, 73.09, 61.8, 69.83, 67.66, 71.01, 50.63, 53.31, 61.33, 56.15, 57.04, 52.95, 57.25, 62.1, 74.64, 86.43, 52.46, 44.08, 47.25, 39.15, 49.4, 43.59, 44.86, 43.11, 68.68, 82.78, 88.8, 83.07, 75.34, 78.86, 68.67, 55.67, 45.85, 36.38, 32.27, 28.54, 25.08, 24.77, 19.65, 23.95, 15.21, 11.9, 11.42, 7.81, 22.57, 10.59, 4.83, 4.18, 4.41]"
77,[51],"[0, 3, 12, 2, 8, 13, 54, 55, 4, 32, 48, 31, 16, 10, 14, 28, 49, 27, 30, 26, 46, 15, 29, 53, 20, 24, 23, 18, 1, 6, 11, 35, 38, 9, 22, 21, 19, 17, 7, 37, 5, 25, 45, 58, 50, 56, 59, 57, 36, 34, 42, 52, 33, 47, 41, 44, 40, 43, 39]","[95.0, 10.0, 50.0, 97.0, 39.0, 63.0, 56.0, 0.0, 33.0, 99.0, 8.0, 55.0, 98.0, 98.0, 49.0, 97.0, 99.0, 99.0, 99.0, 99.0, 16.0, 10.0, 99.0, 3.0, 82.0, 85.0, 4.0, 92.0, 98.0, 95.0, 97.0, 43.0, 19.0, 80.0, 97.0, 99.0, 99.0, 7.0, 28.0, 50.0, 71.0, 16.0, 2.0, 1.0, 0.0, 2.0, 0.0, 1.0, 1.0, 2.0, 2.0, 1.0, 1.0, 9.0, 7.0, 2.0, 9.0, 1.0, 2.0]","[4.0, 70.43, 61.01, 64.75, 76.23, 70.03, 72.89, 65.64, 65.57, 68.56, 67.69, 63.93, 60.29, 70.73, 70.22, 62.59, 77.26, 63.94, 82.67, 94.8, 67.35, 65.17, 63.6, 63.0, 57.1, 75.54, 80.37, 67.47, 60.83, 70.18, 71.81, 76.6, 71.57, 51.95, 64.19, 69.62, 81.56, 78.47, 64.77, 53.25, 50.25, 45.99, 45.71, 46.0, 39.33, 40.03, 41.28, 34.45, 33.71, 27.0, 27.64, 23.43, 17.96, 13.61, 13.28, 11.06, 8.32, 5.32, 4.72]"
78,[52],"[0, 3, 2, 4, 55, 28, 30, 27, 26, 19, 20, 24, 21, 22, 18, 23, 17, 49, 37, 12, 46, 32, 13, 31, 53, 1, 8, 48, 16, 11, 6, 38, 7, 10, 15, 9, 51, 14, 5, 58, 35, 25, 45, 36, 50, 59, 29, 57, 34, 56, 33, 47, 54, 42, 44, 41, 43, 40, 39]","[95.0, 10.0, 97.0, 33.0, 0.0, 97.0, 99.0, 99.0, 99.0, 99.0, 82.0, 85.0, 99.0, 97.0, 92.0, 4.0, 7.0, 99.0, 50.0, 50.0, 16.0, 99.0, 63.0, 55.0, 3.0, 98.0, 39.0, 8.0, 98.0, 97.0, 95.0, 19.0, 28.0, 98.0, 10.0, 80.0, 4.0, 49.0, 71.0, 1.0, 43.0, 16.0, 2.0, 1.0, 0.0, 0.0, 99.0, 1.0, 2.0, 2.0, 1.0, 9.0, 56.0, 2.0, 2.0, 7.0, 1.0, 9.0, 2.0]","[1.0, 68.68, 59.65, 79.08, 79.14, 70.14, 69.26, 83.87, 94.12, 67.07, 87.45, 87.79, 86.45, 89.06, 87.16, 84.83, 72.68, 64.78, 75.72, 65.45, 49.93, 47.92, 74.24, 58.01, 52.78, 57.6, 65.38, 46.88, 48.83, 63.31, 81.47, 82.7, 64.95, 62.86, 64.74, 62.74, 62.46, 56.72, 47.58, 42.12, 41.31, 39.18, 36.51, 33.69, 34.93, 35.06, 29.06, 26.58, 23.36, 17.93, 16.31, 12.19, 11.78, 21.23, 11.02, 9.26, 5.83, 4.64, 3.88]"
79,[9],"[0, 3, 57, 32, 2, 4, 13, 48, 1, 58, 16, 10, 6, 11, 14, 31, 15, 7, 59, 17, 50, 12, 49, 28, 30, 26, 27, 35, 29, 53, 38, 8, 46, 45, 5, 22, 21, 24, 19, 20, 23, 18, 37, 51, 36, 52, 25, 56, 34, 55, 33, 47, 41, 42, 54, 44, 40, 43, 39]","[95.0, 10.0, 1.0, 99.0, 97.0, 33.0, 63.0, 8.0, 98.0, 1.0, 98.0, 98.0, 95.0, 97.0, 49.0, 55.0, 10.0, 28.0, 0.0, 7.0, 0.0, 50.0, 99.0, 97.0, 99.0, 99.0, 99.0, 43.0, 99.0, 3.0, 19.0, 39.0, 16.0, 2.0, 71.0, 97.0, 99.0, 85.0, 99.0, 82.0, 4.0, 92.0, 50.0, 4.0, 1.0, 1.0, 16.0, 2.0, 2.0, 0.0, 1.0, 9.0, 7.0, 2.0, 56.0, 2.0, 9.0, 1.0, 2.0]","[80.0, 90.05, 79.65, 61.68, 78.5, 83.49, 76.44, 70.18, 72.71, 73.79, 64.62, 81.05, 77.7, 80.49, 74.32, 63.12, 69.48, 72.02, 55.91, 56.43, 57.15, 52.12, 54.61, 55.86, 77.18, 90.03, 96.28, 66.15, 60.36, 64.25, 65.66, 46.83, 48.89, 51.94, 45.48, 40.46, 63.18, 84.08, 89.92, 88.9, 81.27, 71.76, 50.66, 48.63, 49.12, 33.44, 31.63, 27.82, 23.61, 20.2, 16.27, 13.11, 12.46, 8.94, 6.8, 8.94, 4.71, 5.77, 3.12]"
80,[17],"[0, 3, 2, 4, 16, 10, 13, 9, 15, 50, 32, 14, 11, 6, 1, 7, 59, 12, 57, 5, 31, 49, 38, 46, 28, 27, 30, 26, 20, 24, 23, 18, 29, 35, 22, 21, 19, 8, 53, 58, 37, 45, 51, 36, 25, 48, 56, 34, 52, 55, 33, 47, 41, 42, 40, 44, 54, 43, 39]","[95.0, 10.0, 97.0, 33.0, 98.0, 98.0, 63.0, 80.0, 10.0, 0.0, 99.0, 49.0, 97.0, 95.0, 98.0, 28.0, 0.0, 50.0, 1.0, 71.0, 55.0, 99.0, 19.0, 16.0, 97.0, 99.0, 99.0, 99.0, 82.0, 85.0, 4.0, 92.0, 99.0, 43.0, 97.0, 99.0, 99.0, 39.0, 3.0, 1.0, 50.0, 2.0, 4.0, 1.0, 16.0, 8.0, 2.0, 2.0, 1.0, 0.0, 1.0, 9.0, 7.0, 2.0, 9.0, 2.0, 56.0, 1.0, 2.0]","[7.0, 65.08, 60.52, 84.72, 76.86, 83.61, 81.47, 75.22, 80.8, 78.72, 65.14, 73.29, 70.37, 75.56, 70.18, 70.78, 67.02, 56.72, 55.05, 51.6, 52.99, 50.33, 51.13, 49.5, 47.94, 63.63, 76.42, 85.61, 64.2, 69.33, 72.4, 59.31, 59.37, 61.29, 51.19, 65.03, 83.57, 60.71, 56.46, 53.29, 56.14, 45.15, 42.17, 41.65, 36.0, 24.0, 27.81, 26.25, 15.9, 18.2, 17.92, 13.85, 10.68, 8.79, 7.33, 6.42, 3.96, 5.11, 2.94]"
81,[32],"[0, 59, 26, 30, 27, 28, 49, 2, 20, 13, 1, 38, 24, 19, 23, 5, 31, 21, 22, 8, 3, 58, 12, 36, 18, 17, 46, 15, 45, 37, 9, 10, 6, 16, 4, 11, 7, 14, 50, 35, 29, 51, 53, 25, 52, 57, 56, 48, 34, 41, 55, 47, 33, 44, 54, 42, 43, 40, 39]","[95.0, 0.0, 99.0, 99.0, 99.0, 97.0, 99.0, 97.0, 82.0, 63.0, 98.0, 19.0, 85.0, 99.0, 4.0, 71.0, 55.0, 99.0, 97.0, 39.0, 10.0, 1.0, 50.0, 1.0, 92.0, 7.0, 16.0, 10.0, 2.0, 50.0, 80.0, 98.0, 95.0, 98.0, 33.0, 97.0, 28.0, 49.0, 0.0, 43.0, 99.0, 4.0, 3.0, 16.0, 1.0, 1.0, 2.0, 8.0, 2.0, 7.0, 0.0, 9.0, 1.0, 2.0, 56.0, 2.0, 1.0, 9.0, 2.0]","[99.0, 97.76, 86.23, 96.26, 97.41, 97.69, 93.09, 89.2, 87.89, 88.01, 87.18, 89.4, 88.26, 85.51, 90.18, 86.05, 87.63, 83.9, 87.88, 83.56, 75.92, 69.9, 69.24, 66.44, 65.64, 59.28, 61.46, 52.3, 45.95, 53.05, 43.49, 54.38, 65.29, 66.82, 68.49, 65.24, 64.37, 59.28, 45.29, 40.47, 41.79, 50.89, 44.96, 29.04, 23.5, 23.48, 20.66, 23.56, 20.49, 17.59, 23.15, 14.8, 11.5, 9.1, 7.42, 19.12, 6.24, 4.71, 3.79]"
82,[9],"[0, 3, 57, 32, 2, 4, 13, 48, 1, 58, 16, 10, 6, 11, 14, 31, 15, 7, 59, 17, 50, 12, 49, 28, 30, 26, 27, 35, 29, 53, 38, 8, 46, 45, 5, 22, 21, 24, 19, 20, 23, 18, 37, 51, 36, 52, 25, 56, 34, 55, 33, 47, 41, 42, 54, 44, 40, 43, 39]","[95.0, 10.0, 1.0, 99.0, 97.0, 33.0, 63.0, 8.0, 98.0, 1.0, 98.0, 98.0, 95.0, 97.0, 49.0, 55.0, 10.0, 28.0, 0.0, 7.0, 0.0, 50.0, 99.0, 97.0, 99.0, 99.0, 99.0, 43.0, 99.0, 3.0, 19.0, 39.0, 16.0, 2.0, 71.0, 97.0, 99.0, 85.0, 99.0, 82.0, 4.0, 92.0, 50.0, 4.0, 1.0, 1.0, 16.0, 2.0, 2.0, 0.0, 1.0, 9.0, 7.0, 2.0, 56.0, 2.0, 9.0, 1.0, 2.0]","[80.0, 90.05, 79.65, 61.68, 78.5, 83.49, 76.44, 70.18, 72.71, 73.79, 64.62, 81.05, 77.7, 80.49, 74.32, 63.12, 69.48, 72.02, 55.91, 56.43, 57.15, 52.12, 54.61, 55.86, 77.18, 90.03, 96.28, 66.15, 60.36, 64.25, 65.66, 46.83, 48.89, 51.94, 45.48, 40.46, 63.18, 84.08, 89.92, 88.9, 81.27, 71.76, 50.66, 48.63, 49.12, 33.44, 31.63, 27.82, 23.61, 20.2, 16.27, 13.11, 12.46, 8.94, 6.8, 8.94, 4.71, 5.77, 3.12]"
83,[31],"[0, 26, 27, 30, 28, 18, 19, 20, 24, 37, 21, 22, 17, 23, 49, 3, 36, 55, 12, 46, 2, 4, 16, 10, 11, 15, 6, 38, 8, 29, 9, 51, 13, 32, 1, 7, 14, 50, 53, 5, 59, 35, 45, 58, 25, 57, 52, 34, 33, 48, 56, 47, 41, 44, 54, 42, 40, 39, 43]","[95.0, 99.0, 99.0, 99.0, 97.0, 92.0, 99.0, 82.0, 85.0, 50.0, 99.0, 97.0, 7.0, 4.0, 99.0, 10.0, 1.0, 0.0, 50.0, 16.0, 97.0, 33.0, 98.0, 98.0, 97.0, 10.0, 95.0, 19.0, 39.0, 99.0, 80.0, 4.0, 63.0, 99.0, 98.0, 28.0, 49.0, 0.0, 3.0, 71.0, 0.0, 43.0, 2.0, 1.0, 16.0, 1.0, 1.0, 2.0, 1.0, 8.0, 2.0, 9.0, 7.0, 2.0, 56.0, 2.0, 9.0, 2.0, 1.0]","[55.0, 79.8, 93.0, 97.4, 94.96, 89.5, 95.01, 97.18, 93.7, 93.86, 92.13, 90.25, 86.9, 78.13, 74.89, 79.39, 68.84, 60.71, 50.44, 56.04, 50.17, 58.06, 54.91, 61.51, 75.95, 82.16, 72.12, 80.49, 70.95, 68.48, 67.61, 69.69, 66.76, 63.01, 74.63, 65.88, 52.81, 49.56, 46.53, 42.79, 38.84, 42.32, 38.92, 35.06, 33.24, 27.36, 25.82, 24.6, 21.32, 19.41, 18.76, 14.78, 13.05, 12.35, 5.79, 14.67, 4.8, 4.63, 4.33]"
84,[46],"[0, 32, 2, 13, 1, 58, 4, 31, 25, 3, 28, 30, 27, 26, 23, 49, 12, 37, 45, 38, 36, 16, 14, 10, 11, 15, 6, 9, 7, 8, 50, 29, 53, 22, 21, 18, 24, 19, 20, 17, 51, 5, 59, 35, 57, 48, 52, 34, 56, 42, 41, 55, 33, 47, 44, 40, 54, 39, 43]","[95.0, 99.0, 97.0, 63.0, 98.0, 1.0, 33.0, 55.0, 16.0, 10.0, 97.0, 99.0, 99.0, 99.0, 4.0, 99.0, 50.0, 50.0, 2.0, 19.0, 1.0, 98.0, 49.0, 98.0, 97.0, 10.0, 95.0, 80.0, 28.0, 39.0, 0.0, 99.0, 3.0, 97.0, 99.0, 92.0, 85.0, 99.0, 82.0, 7.0, 4.0, 71.0, 0.0, 43.0, 1.0, 8.0, 1.0, 2.0, 2.0, 2.0, 7.0, 0.0, 1.0, 9.0, 2.0, 9.0, 56.0, 2.0, 1.0]","[16.0, 71.3, 88.23, 89.97, 86.73, 87.14, 89.02, 82.9, 73.58, 69.43, 67.88, 80.37, 90.96, 95.79, 82.7, 72.2, 61.28, 60.1, 57.4, 55.63, 60.77, 49.61, 65.92, 65.3, 67.44, 74.34, 68.28, 68.43, 72.43, 55.24, 52.97, 60.16, 52.3, 41.39, 57.57, 75.69, 77.52, 85.13, 85.9, 79.42, 57.57, 39.37, 36.21, 35.92, 26.92, 26.05, 25.63, 22.99, 22.82, 19.75, 15.75, 16.55, 13.53, 14.07, 8.07, 5.79, 7.3, 4.47, 3.23]"
85,[12],"[0, 6, 8, 29, 51, 49, 16, 14, 11, 9, 10, 15, 28, 2, 4, 31, 13, 32, 50, 3, 27, 30, 26, 53, 38, 45, 7, 1, 21, 22, 24, 18, 19, 20, 17, 23, 37, 58, 5, 46, 25, 35, 59, 36, 48, 57, 34, 52, 41, 56, 55, 33, 47, 42, 44, 40, 39, 43, 54]","[95.0, 95.0, 39.0, 99.0, 4.0, 99.0, 98.0, 49.0, 97.0, 80.0, 98.0, 10.0, 97.0, 97.0, 33.0, 55.0, 63.0, 99.0, 0.0, 10.0, 99.0, 99.0, 99.0, 3.0, 19.0, 2.0, 28.0, 98.0, 99.0, 97.0, 85.0, 92.0, 99.0, 82.0, 7.0, 4.0, 50.0, 1.0, 71.0, 16.0, 16.0, 43.0, 0.0, 1.0, 8.0, 1.0, 2.0, 1.0, 7.0, 2.0, 0.0, 1.0, 9.0, 2.0, 2.0, 9.0, 2.0, 1.0, 56.0]","[50.0, 78.8, 89.15, 76.7, 87.25, 79.19, 79.31, 83.92, 83.65, 81.61, 76.87, 82.17, 79.91, 82.61, 82.83, 76.02, 64.79, 60.81, 67.38, 63.79, 52.43, 63.09, 81.74, 56.78, 59.59, 48.18, 44.46, 43.5, 57.1, 77.32, 83.91, 83.49, 89.26, 89.15, 83.09, 79.03, 47.53, 47.54, 50.39, 44.01, 40.53, 34.82, 36.05, 36.1, 28.34, 23.8, 22.74, 22.18, 20.45, 17.86, 15.56, 12.66, 9.33, 8.16, 5.57, 4.17, 3.82, 3.96, 3.61]"
86,[50],"[0, 3, 2, 4, 55, 28, 27, 26, 30, 23, 53, 24, 18, 20, 22, 21, 19, 17, 37, 36, 49, 12, 16, 10, 15, 29, 11, 38, 6, 51, 8, 13, 1, 32, 14, 31, 9, 7, 45, 46, 58, 5, 59, 35, 25, 57, 34, 52, 48, 41, 56, 33, 47, 44, 54, 42, 40, 43, 39]","[95.0, 10.0, 97.0, 33.0, 0.0, 97.0, 99.0, 99.0, 99.0, 4.0, 3.0, 85.0, 92.0, 82.0, 97.0, 99.0, 99.0, 7.0, 50.0, 1.0, 99.0, 50.0, 98.0, 98.0, 10.0, 99.0, 97.0, 19.0, 95.0, 4.0, 39.0, 63.0, 98.0, 99.0, 49.0, 55.0, 80.0, 28.0, 2.0, 16.0, 1.0, 71.0, 0.0, 43.0, 16.0, 1.0, 2.0, 1.0, 8.0, 7.0, 2.0, 1.0, 9.0, 2.0, 56.0, 2.0, 9.0, 1.0, 2.0]","[0.0, 68.4, 54.75, 72.34, 75.29, 71.79, 77.0, 90.25, 95.63, 81.65, 58.97, 44.15, 64.64, 74.65, 71.17, 79.65, 88.3, 66.17, 70.4, 53.97, 53.14, 52.48, 51.07, 58.38, 70.96, 54.62, 55.36, 65.87, 65.46, 61.49, 53.93, 49.57, 54.54, 61.51, 63.8, 53.45, 55.03, 56.99, 45.3, 47.49, 49.22, 47.71, 37.57, 38.42, 32.27, 28.81, 27.89, 28.93, 23.91, 20.13, 20.8, 17.07, 11.58, 10.56, 8.95, 17.62, 6.49, 4.71, 3.35]"
87,[9],"[0, 3, 57, 32, 2, 4, 13, 48, 1, 58, 16, 10, 6, 11, 14, 31, 15, 7, 59, 17, 50, 12, 49, 28, 30, 26, 27, 35, 29, 53, 38, 8, 46, 45, 5, 22, 21, 24, 19, 20, 23, 18, 37, 51, 36, 52, 25, 56, 34, 55, 33, 47, 41, 42, 54, 44, 40, 43, 39]","[95.0, 10.0, 1.0, 99.0, 97.0, 33.0, 63.0, 8.0, 98.0, 1.0, 98.0, 98.0, 95.0, 97.0, 49.0, 55.0, 10.0, 28.0, 0.0, 7.0, 0.0, 50.0, 99.0, 97.0, 99.0, 99.0, 99.0, 43.0, 99.0, 3.0, 19.0, 39.0, 16.0, 2.0, 71.0, 97.0, 99.0, 85.0, 99.0, 82.0, 4.0, 92.0, 50.0, 4.0, 1.0, 1.0, 16.0, 2.0, 2.0, 0.0, 1.0, 9.0, 7.0, 2.0, 56.0, 2.0, 9.0, 1.0, 2.0]","[80.0, 90.05, 79.65, 61.68, 78.5, 83.49, 76.44, 70.18, 72.71, 73.79, 64.62, 81.05, 77.7, 80.49, 74.32, 63.12, 69.48, 72.02, 55.91, 56.43, 57.15, 52.12, 54.61, 55.86, 77.18, 90.03, 96.28, 66.15, 60.36, 64.25, 65.66, 46.83, 48.89, 51.94, 45.48, 40.46, 63.18, 84.08, 89.92, 88.9, 81.27, 71.76, 50.66, 48.63, 49.12, 33.44, 31.63, 27.82, 23.61, 20.2, 16.27, 13.11, 12.46, 8.94, 6.8, 8.94, 4.71, 5.77, 3.12]"
88,[25],"[0, 1, 58, 3, 4, 45, 26, 27, 30, 28, 20, 37, 24, 19, 21, 22, 18, 23, 17, 12, 49, 36, 2, 10, 15, 16, 38, 6, 11, 9, 7, 50, 13, 32, 14, 8, 46, 5, 31, 29, 51, 53, 35, 57, 33, 48, 59, 52, 34, 55, 56, 47, 41, 42, 40, 44, 54, 39, 43]","[95.0, 98.0, 1.0, 10.0, 33.0, 2.0, 99.0, 99.0, 99.0, 97.0, 82.0, 50.0, 85.0, 99.0, 99.0, 97.0, 92.0, 4.0, 7.0, 50.0, 99.0, 1.0, 97.0, 98.0, 10.0, 98.0, 19.0, 95.0, 97.0, 80.0, 28.0, 0.0, 63.0, 99.0, 49.0, 39.0, 16.0, 71.0, 55.0, 99.0, 4.0, 3.0, 43.0, 1.0, 1.0, 8.0, 0.0, 1.0, 2.0, 0.0, 2.0, 9.0, 7.0, 2.0, 9.0, 2.0, 56.0, 2.0, 1.0]","[16.0, 65.77, 87.63, 83.51, 77.55, 67.2, 66.44, 87.18, 96.77, 95.1, 84.71, 87.47, 80.6, 80.85, 84.44, 90.31, 83.43, 78.04, 72.89, 65.19, 67.81, 70.75, 55.72, 59.68, 79.83, 68.47, 64.33, 62.26, 71.78, 77.89, 73.31, 55.48, 55.65, 57.88, 57.78, 52.97, 52.74, 50.34, 46.19, 46.46, 54.86, 45.93, 35.76, 31.89, 28.75, 30.77, 29.59, 22.29, 23.15, 22.79, 22.35, 17.81, 10.83, 11.46, 6.72, 5.74, 4.55, 3.91, 3.51]"
89,[5],"[0, 28, 30, 27, 26, 20, 3, 56, 18, 24, 19, 21, 22, 17, 23, 46, 2, 1, 8, 58, 6, 16, 11, 49, 38, 4, 13, 15, 32, 12, 9, 10, 7, 14, 50, 31, 53, 25, 37, 57, 35, 45, 36, 29, 51, 59, 52, 34, 55, 47, 48, 33, 44, 41, 54, 42, 40, 43, 39]","[95.0, 97.0, 99.0, 99.0, 99.0, 82.0, 10.0, 2.0, 92.0, 85.0, 99.0, 99.0, 97.0, 7.0, 4.0, 16.0, 97.0, 98.0, 39.0, 1.0, 95.0, 98.0, 97.0, 99.0, 19.0, 33.0, 63.0, 10.0, 99.0, 50.0, 80.0, 98.0, 28.0, 49.0, 0.0, 55.0, 3.0, 16.0, 50.0, 1.0, 43.0, 2.0, 1.0, 99.0, 4.0, 0.0, 1.0, 2.0, 0.0, 9.0, 8.0, 1.0, 2.0, 7.0, 56.0, 2.0, 9.0, 1.0, 2.0]","[71.0, 86.12, 90.76, 94.84, 95.62, 92.52, 91.45, 88.5, 84.34, 86.11, 82.47, 89.49, 89.91, 87.6, 82.81, 62.52, 64.68, 77.76, 86.27, 75.87, 69.31, 71.58, 76.14, 80.15, 84.22, 78.26, 73.51, 69.93, 66.98, 69.42, 69.01, 70.99, 64.43, 61.09, 52.02, 51.93, 50.63, 44.7, 43.15, 42.62, 36.89, 33.52, 32.63, 30.67, 48.64, 32.8, 24.6, 25.1, 24.88, 24.16, 17.71, 18.48, 10.74, 10.45, 7.96, 14.97, 6.02, 5.27, 3.65]"
90,[13],"[0, 26, 30, 27, 28, 21, 19, 20, 22, 24, 37, 51, 18, 1, 2, 12, 23, 49, 4, 32, 29, 8, 31, 17, 3, 38, 36, 55, 14, 46, 45, 9, 10, 16, 6, 11, 15, 7, 50, 5, 58, 25, 53, 35, 52, 57, 34, 48, 59, 56, 41, 43, 33, 47, 44, 54, 42, 40, 39]","[95.0, 99.0, 99.0, 99.0, 97.0, 99.0, 99.0, 82.0, 97.0, 85.0, 50.0, 4.0, 92.0, 98.0, 97.0, 50.0, 4.0, 99.0, 33.0, 99.0, 99.0, 39.0, 55.0, 7.0, 10.0, 19.0, 1.0, 0.0, 49.0, 16.0, 2.0, 80.0, 98.0, 98.0, 95.0, 97.0, 10.0, 28.0, 0.0, 71.0, 1.0, 16.0, 3.0, 43.0, 1.0, 1.0, 2.0, 8.0, 0.0, 2.0, 7.0, 1.0, 1.0, 9.0, 2.0, 56.0, 2.0, 9.0, 2.0]","[63.0, 86.04, 94.6, 97.4, 95.96, 93.9, 98.24, 98.46, 97.43, 96.23, 94.8, 93.69, 86.98, 82.81, 89.03, 89.15, 84.02, 82.04, 79.34, 79.11, 81.93, 76.07, 74.81, 68.9, 73.95, 64.43, 62.08, 65.27, 50.67, 53.47, 50.58, 51.17, 59.11, 64.98, 67.8, 70.96, 67.23, 61.45, 48.48, 44.46, 43.27, 42.94, 41.08, 30.93, 28.32, 26.76, 27.76, 26.4, 25.18, 20.89, 18.45, 13.54, 13.26, 9.63, 7.54, 6.47, 11.31, 7.08, 4.18]"
91,[5],"[0, 28, 30, 27, 26, 20, 3, 56, 18, 24, 19, 21, 22, 17, 23, 46, 2, 1, 8, 58, 6, 16, 11, 49, 38, 4, 13, 15, 32, 12, 9, 10, 7, 14, 50, 31, 53, 25, 37, 57, 35, 45, 36, 29, 51, 59, 52, 34, 55, 47, 48, 33, 44, 41, 54, 42, 40, 43, 39]","[95.0, 97.0, 99.0, 99.0, 99.0, 82.0, 10.0, 2.0, 92.0, 85.0, 99.0, 99.0, 97.0, 7.0, 4.0, 16.0, 97.0, 98.0, 39.0, 1.0, 95.0, 98.0, 97.0, 99.0, 19.0, 33.0, 63.0, 10.0, 99.0, 50.0, 80.0, 98.0, 28.0, 49.0, 0.0, 55.0, 3.0, 16.0, 50.0, 1.0, 43.0, 2.0, 1.0, 99.0, 4.0, 0.0, 1.0, 2.0, 0.0, 9.0, 8.0, 1.0, 2.0, 7.0, 56.0, 2.0, 9.0, 1.0, 2.0]","[71.0, 86.12, 90.76, 94.84, 95.62, 92.52, 91.45, 88.5, 84.34, 86.11, 82.47, 89.49, 89.91, 87.6, 82.81, 62.52, 64.68, 77.76, 86.27, 75.87, 69.31, 71.58, 76.14, 80.15, 84.22, 78.26, 73.51, 69.93, 66.98, 69.42, 69.01, 70.99, 64.43, 61.09, 52.02, 51.93, 50.63, 44.7, 43.15, 42.62, 36.89, 33.52, 32.63, 30.67, 48.64, 32.8, 24.6, 25.1, 24.88, 24.16, 17.71, 18.48, 10.74, 10.45, 7.96, 14.97, 6.02, 5.27, 3.65]"
92,[26],"[0, 18, 30, 28, 27, 23, 3, 53, 21, 19, 24, 22, 20, 17, 37, 49, 55, 12, 46, 52, 2, 4, 15, 13, 32, 1, 8, 31, 58, 51, 48, 36, 45, 16, 6, 11, 38, 10, 5, 9, 7, 14, 25, 50, 35, 29, 59, 33, 34, 56, 47, 57, 41, 42, 43, 40, 39, 54, 44]","[95.0, 92.0, 99.0, 97.0, 99.0, 4.0, 10.0, 3.0, 99.0, 99.0, 85.0, 97.0, 82.0, 7.0, 50.0, 99.0, 0.0, 50.0, 16.0, 1.0, 97.0, 33.0, 10.0, 63.0, 99.0, 98.0, 39.0, 55.0, 1.0, 4.0, 8.0, 1.0, 2.0, 98.0, 95.0, 97.0, 19.0, 98.0, 71.0, 80.0, 28.0, 49.0, 16.0, 0.0, 43.0, 99.0, 0.0, 1.0, 2.0, 2.0, 9.0, 1.0, 7.0, 2.0, 1.0, 9.0, 2.0, 56.0, 2.0]","[99.0, 97.96, 97.29, 98.1, 98.14, 96.65, 86.82, 80.23, 65.68, 85.54, 94.75, 91.25, 77.87, 71.89, 74.63, 54.75, 55.29, 51.57, 56.87, 51.31, 43.28, 60.44, 48.14, 39.38, 44.4, 56.16, 57.18, 45.55, 43.66, 41.08, 38.22, 37.96, 40.1, 43.75, 55.19, 66.21, 65.01, 65.04, 59.23, 59.85, 60.47, 47.95, 43.36, 33.94, 32.63, 34.76, 31.15, 24.43, 22.44, 22.17, 16.3, 16.7, 12.83, 12.15, 5.45, 5.79, 4.33, 4.32, 8.71]"
93,[58],"[0, 3, 2, 4, 16, 10, 13, 11, 8, 15, 14, 6, 9, 32, 31, 1, 17, 50, 7, 12, 59, 5, 49, 46, 28, 30, 27, 26, 38, 29, 53, 45, 35, 20, 24, 18, 19, 21, 22, 23, 37, 51, 25, 36, 57, 48, 52, 33, 56, 34, 47, 55, 41, 44, 42, 43, 40, 54, 39]","[95.0, 10.0, 97.0, 33.0, 98.0, 98.0, 63.0, 97.0, 39.0, 10.0, 49.0, 95.0, 80.0, 99.0, 55.0, 98.0, 7.0, 0.0, 28.0, 50.0, 0.0, 71.0, 99.0, 16.0, 97.0, 99.0, 99.0, 99.0, 19.0, 99.0, 3.0, 2.0, 43.0, 82.0, 85.0, 92.0, 99.0, 99.0, 97.0, 4.0, 50.0, 4.0, 16.0, 1.0, 1.0, 8.0, 1.0, 1.0, 2.0, 2.0, 9.0, 0.0, 7.0, 2.0, 2.0, 1.0, 9.0, 56.0, 2.0]","[1.0, 69.62, 59.47, 84.13, 73.11, 77.43, 76.87, 71.89, 79.4, 78.43, 70.79, 70.39, 73.15, 67.97, 74.67, 65.84, 67.89, 63.7, 58.24, 60.3, 53.08, 51.91, 46.53, 50.14, 45.84, 66.02, 86.16, 93.85, 69.98, 61.86, 52.92, 51.55, 47.93, 44.85, 64.86, 70.34, 65.98, 84.25, 83.72, 80.95, 49.69, 52.99, 37.35, 41.02, 29.93, 28.35, 26.7, 19.38, 21.63, 17.88, 17.42, 17.46, 13.08, 10.04, 6.75, 6.63, 5.47, 4.12, 3.27]"
94,[34],"[0, 15, 28, 30, 26, 27, 3, 18, 21, 20, 19, 24, 22, 17, 23, 49, 37, 56, 2, 13, 1, 12, 32, 8, 58, 46, 45, 36, 31, 48, 16, 6, 11, 38, 10, 4, 9, 7, 29, 51, 14, 50, 53, 5, 59, 35, 57, 25, 55, 52, 41, 47, 33, 44, 40, 42, 54, 39, 43]","[95.0, 10.0, 97.0, 99.0, 99.0, 99.0, 10.0, 92.0, 99.0, 82.0, 99.0, 85.0, 97.0, 7.0, 4.0, 99.0, 50.0, 2.0, 97.0, 63.0, 98.0, 50.0, 99.0, 39.0, 1.0, 16.0, 2.0, 1.0, 55.0, 8.0, 98.0, 95.0, 97.0, 19.0, 98.0, 33.0, 80.0, 28.0, 99.0, 4.0, 49.0, 0.0, 3.0, 71.0, 0.0, 43.0, 1.0, 16.0, 0.0, 1.0, 7.0, 9.0, 1.0, 2.0, 9.0, 2.0, 56.0, 2.0, 1.0]","[2.0, 61.52, 55.28, 82.65, 88.42, 91.79, 75.73, 84.71, 90.52, 95.34, 94.72, 96.1, 92.6, 84.31, 70.65, 71.2, 83.72, 65.58, 50.55, 72.67, 73.52, 72.5, 69.78, 67.73, 64.22, 50.7, 46.54, 43.14, 43.19, 38.23, 43.15, 61.14, 66.15, 70.07, 70.92, 77.99, 65.05, 60.55, 51.44, 64.02, 52.71, 42.95, 33.74, 38.4, 37.12, 35.54, 27.17, 27.05, 17.36, 19.54, 19.08, 14.58, 7.17, 8.92, 5.82, 6.06, 4.78, 3.59, 3.1]"
95,[48],"[0, 2, 16, 10, 4, 13, 11, 15, 32, 31, 6, 8, 9, 14, 1, 58, 49, 38, 12, 5, 29, 17, 46, 3, 7, 59, 28, 27, 30, 26, 45, 53, 35, 22, 21, 19, 24, 20, 23, 18, 51, 37, 50, 36, 25, 56, 33, 34, 57, 52, 47, 55, 42, 41, 44, 40, 39, 43, 54]","[95.0, 97.0, 98.0, 98.0, 33.0, 63.0, 97.0, 10.0, 99.0, 55.0, 95.0, 39.0, 80.0, 49.0, 98.0, 1.0, 99.0, 19.0, 50.0, 71.0, 99.0, 7.0, 16.0, 10.0, 28.0, 0.0, 97.0, 99.0, 99.0, 99.0, 2.0, 3.0, 43.0, 97.0, 99.0, 99.0, 85.0, 82.0, 4.0, 92.0, 4.0, 50.0, 0.0, 1.0, 16.0, 2.0, 1.0, 2.0, 1.0, 1.0, 9.0, 0.0, 2.0, 7.0, 2.0, 9.0, 2.0, 1.0, 56.0]","[8.0, 68.03, 86.47, 87.65, 86.95, 87.57, 77.58, 84.33, 81.03, 83.53, 84.44, 87.16, 80.46, 74.0, 74.57, 74.82, 58.41, 68.5, 67.88, 58.77, 60.03, 58.95, 55.51, 56.97, 52.66, 47.25, 43.16, 72.52, 77.13, 77.24, 54.46, 52.94, 54.71, 50.73, 68.25, 90.43, 97.85, 89.81, 80.94, 63.66, 58.15, 56.54, 43.14, 40.43, 30.72, 29.35, 27.71, 20.76, 18.61, 20.98, 16.33, 16.34, 11.56, 9.23, 7.66, 5.81, 4.83, 3.43, 4.55]"
96,[23],"[0, 3, 2, 10, 4, 13, 16, 55, 46, 14, 32, 31, 49, 28, 29, 53, 12, 9, 15, 6, 8, 50, 11, 27, 26, 30, 38, 7, 59, 1, 35, 45, 5, 22, 21, 24, 19, 20, 51, 18, 17, 37, 36, 58, 25, 56, 48, 34, 57, 52, 33, 47, 41, 54, 42, 44, 40, 39, 43]","[95.0, 10.0, 97.0, 98.0, 33.0, 63.0, 98.0, 0.0, 16.0, 49.0, 99.0, 55.0, 99.0, 97.0, 99.0, 3.0, 50.0, 80.0, 10.0, 95.0, 39.0, 0.0, 97.0, 99.0, 99.0, 99.0, 19.0, 28.0, 0.0, 98.0, 43.0, 2.0, 71.0, 97.0, 99.0, 85.0, 99.0, 82.0, 4.0, 92.0, 7.0, 50.0, 1.0, 1.0, 16.0, 2.0, 8.0, 2.0, 1.0, 1.0, 1.0, 9.0, 7.0, 56.0, 2.0, 2.0, 9.0, 2.0, 1.0]","[4.0, 66.79, 59.98, 84.79, 91.46, 79.68, 78.39, 78.08, 63.13, 66.95, 57.8, 73.09, 61.8, 69.83, 67.66, 71.01, 50.63, 53.31, 61.33, 56.15, 57.04, 52.95, 57.25, 62.1, 74.64, 86.43, 52.46, 44.08, 47.25, 39.15, 49.4, 43.59, 44.86, 43.11, 68.68, 82.78, 88.8, 83.07, 75.34, 78.86, 68.67, 55.67, 45.85, 36.38, 32.27, 28.54, 25.08, 24.77, 19.65, 23.95, 15.21, 11.9, 11.42, 7.81, 22.57, 10.59, 4.83, 4.18, 4.41]"
97,[12],"[0, 6, 8, 29, 51, 49, 16, 14, 11, 9, 10, 15, 28, 2, 4, 31, 13, 32, 50, 3, 27, 30, 26, 53, 38, 45, 7, 1, 21, 22, 24, 18, 19, 20, 17, 23, 37, 58, 5, 46, 25, 35, 59, 36, 48, 57, 34, 52, 41, 56, 55, 33, 47, 42, 44, 40, 39, 43, 54]","[95.0, 95.0, 39.0, 99.0, 4.0, 99.0, 98.0, 49.0, 97.0, 80.0, 98.0, 10.0, 97.0, 97.0, 33.0, 55.0, 63.0, 99.0, 0.0, 10.0, 99.0, 99.0, 99.0, 3.0, 19.0, 2.0, 28.0, 98.0, 99.0, 97.0, 85.0, 92.0, 99.0, 82.0, 7.0, 4.0, 50.0, 1.0, 71.0, 16.0, 16.0, 43.0, 0.0, 1.0, 8.0, 1.0, 2.0, 1.0, 7.0, 2.0, 0.0, 1.0, 9.0, 2.0, 2.0, 9.0, 2.0, 1.0, 56.0]","[50.0, 78.8, 89.15, 76.7, 87.25, 79.19, 79.31, 83.92, 83.65, 81.61, 76.87, 82.17, 79.91, 82.61, 82.83, 76.02, 64.79, 60.81, 67.38, 63.79, 52.43, 63.09, 81.74, 56.78, 59.59, 48.18, 44.46, 43.5, 57.1, 77.32, 83.91, 83.49, 89.26, 89.15, 83.09, 79.03, 47.53, 47.54, 50.39, 44.01, 40.53, 34.82, 36.05, 36.1, 28.34, 23.8, 22.74, 22.18, 20.45, 17.86, 15.56, 12.66, 9.33, 8.16, 5.57, 4.17, 3.82, 3.96, 3.61]"
98,[22],"[0, 18, 9, 20, 21, 17, 38, 19, 24, 23, 49, 3, 30, 26, 28, 27, 37, 53, 46, 55, 16, 2, 4, 10, 11, 8, 15, 6, 1, 7, 12, 13, 32, 14, 50, 35, 51, 5, 25, 31, 45, 36, 58, 57, 52, 29, 59, 34, 48, 33, 56, 47, 41, 44, 42, 40, 54, 43, 39]","[95.0, 92.0, 80.0, 82.0, 99.0, 7.0, 19.0, 99.0, 85.0, 4.0, 99.0, 10.0, 99.0, 99.0, 97.0, 99.0, 50.0, 3.0, 16.0, 0.0, 98.0, 97.0, 33.0, 98.0, 97.0, 39.0, 10.0, 95.0, 98.0, 28.0, 50.0, 63.0, 99.0, 49.0, 0.0, 43.0, 4.0, 71.0, 16.0, 55.0, 2.0, 1.0, 1.0, 1.0, 1.0, 99.0, 0.0, 2.0, 8.0, 1.0, 2.0, 9.0, 7.0, 2.0, 2.0, 9.0, 56.0, 1.0, 2.0]","[97.0, 96.54, 95.22, 93.86, 91.25, 92.31, 90.09, 85.58, 91.15, 79.06, 82.85, 85.29, 72.63, 86.62, 88.74, 96.0, 82.56, 65.65, 64.44, 66.41, 50.8, 60.5, 73.77, 61.47, 73.47, 73.54, 68.44, 66.33, 62.56, 60.69, 59.75, 53.31, 59.56, 53.51, 46.26, 49.83, 51.58, 46.97, 43.35, 45.04, 40.87, 40.96, 44.28, 29.12, 28.34, 31.5, 27.77, 21.58, 19.52, 17.33, 20.0, 12.2, 11.32, 7.54, 7.65, 5.87, 5.74, 5.19, 3.96]"
99,[25],"[0, 1, 58, 3, 4, 45, 26, 27, 30, 28, 20, 37, 24, 19, 21, 22, 18, 23, 17, 12, 49, 36, 2, 10, 15, 16, 38, 6, 11, 9, 7, 50, 13, 32, 14, 8, 46, 5, 31, 29, 51, 53, 35, 57, 33, 48, 59, 52, 34, 55, 56, 47, 41, 42, 40, 44, 54, 39, 43]","[95.0, 98.0, 1.0, 10.0, 33.0, 2.0, 99.0, 99.0, 99.0, 97.0, 82.0, 50.0, 85.0, 99.0, 99.0, 97.0, 92.0, 4.0, 7.0, 50.0, 99.0, 1.0, 97.0, 98.0, 10.0, 98.0, 19.0, 95.0, 97.0, 80.0, 28.0, 0.0, 63.0, 99.0, 49.0, 39.0, 16.0, 71.0, 55.0, 99.0, 4.0, 3.0, 43.0, 1.0, 1.0, 8.0, 0.0, 1.0, 2.0, 0.0, 2.0, 9.0, 7.0, 2.0, 9.0, 2.0, 56.0, 2.0, 1.0]","[16.0, 65.77, 87.63, 83.51, 77.55, 67.2, 66.44, 87.18, 96.77, 95.1, 84.71, 87.47, 80.6, 80.85, 84.44, 90.31, 83.43, 78.04, 72.89, 65.19, 67.81, 70.75, 55.72, 59.68, 79.83, 68.47, 64.33, 62.26, 71.78, 77.89, 73.31, 55.48, 55.65, 57.88, 57.78, 52.97, 52.74, 50.34, 46.19, 46.46, 54.86, 45.93, 35.76, 31.89, 28.75, 30.77, 29.59, 22.29, 23.15, 22.79, 22.35, 17.81, 10.83, 11.46, 6.72, 5.74, 4.55, 3.91, 3.51]"
