random_state,initial_indices,selected_indices_per_step,actual_rewards_per_step,predicted_rewards_per_step
0,[54],"[16, 9, 14, 29, 3, 6, 18, 0, 10, 2, 32, 21, 11, 49, 1, 13, 22, 24, 7, 17, 19, 20, 37, 12, 53, 33, 38, 30, 26, 36, 52, 28, 31, 27, 50, 46, 34, 56, 23, 57, 42, 44, 15, 35, 43, 51, 40, 39, 41, 55, 45, 8, 4, 58, 5, 59, 25, 47, 48]","[array([60], dtype=int64), array([70], dtype=int64), array([40], dtype=int64), array([22], dtype=int64), array([35], dtype=int64), array([63], dtype=int64), array([38], dtype=int64), array([41], dtype=int64), array([66], dtype=int64), array([40], dtype=int64), array([37], dtype=int64), array([35], dtype=int64), array([58], dtype=int64), array([54], dtype=int64), array([62], dtype=int64), array([33], dtype=int64), array([32], dtype=int64), array([34], dtype=int64), array([54], dtype=int64), array([33], dtype=int64), array([34], dtype=int64), array([30], dtype=int64), array([14], dtype=int64), array([34], dtype=int64), array([40], dtype=int64), array([9], dtype=int64), array([21], dtype=int64), array([29], dtype=int64), array([27], dtype=int64), array([18], dtype=int64), array([22], dtype=int64), array([25], dtype=int64), array([40], dtype=int64), array([30], dtype=int64), array([24], dtype=int64), array([0], dtype=int64), array([9], dtype=int64), array([5], dtype=int64), array([30], dtype=int64), array([0], dtype=int64), array([43], dtype=int64), array([34], dtype=int64), array([42], dtype=int64), array([18], dtype=int64), array([28], dtype=int64), array([21], dtype=int64), array([22], dtype=int64), array([24], dtype=int64), array([12], dtype=int64), array([2], dtype=int64), array([1], dtype=int64), array([57], dtype=int64), array([24], dtype=int64), array([0], dtype=int64), array([41], dtype=int64), array([0], dtype=int64), array([37], dtype=int64), array([3], dtype=int64), array([0], dtype=int64)]","[93.11868286132812, 82.77574157714844, 56.87807846069336, 90.9999771118164, 54.03184509277344, 59.99835968017578, 51.24984359741211, 52.348411560058594, 50.069068908691406, 55.643245697021484, 62.726524353027344, 39.693992614746094, 63.92561721801758, 36.42512893676758, 53.2656135559082, 34.724815368652344, 35.1851921081543, 35.131591796875, 51.845314025878906, 27.437898635864258, 31.026161193847656, 33.557945251464844, 28.28750228881836, 23.55047607421875, 21.82292938232422, 24.52594566345215, 26.989774703979492, 28.40180778503418, 25.08240509033203, 29.19443702697754, 31.955097198486328, 20.950307846069336, 24.97547721862793, 24.313190460205078, 19.11260223388672, 24.744869232177734, 22.27936553955078, 29.879690170288086, 18.38179588317871, 17.517196655273438, 17.268550872802734, 41.64921951293945, 42.508514404296875, 33.26763916015625, 29.186094284057617, 22.910743713378906, 19.071842193603516, 17.217912673950195, 14.227901458740234, 14.190872192382812, 8.084990501403809, 56.096832275390625, 40.61457443237305, 3.551795721054077, 43.14004898071289, -0.12962430715560913, 43.41329574584961, 0.43840694427490234, 6.24492073059082]"
1,[8],"[11, 3, 10, 29, 9, 16, 14, 2, 32, 18, 0, 49, 13, 21, 6, 22, 24, 1, 20, 17, 19, 37, 12, 23, 51, 40, 30, 28, 27, 26, 33, 53, 7, 52, 38, 35, 56, 31, 50, 46, 34, 41, 58, 36, 39, 42, 44, 54, 43, 55, 45, 15, 57, 4, 5, 59, 25, 47, 48]","[array([58], dtype=int64), array([35], dtype=int64), array([66], dtype=int64), array([22], dtype=int64), array([70], dtype=int64), array([60], dtype=int64), array([40], dtype=int64), array([40], dtype=int64), array([37], dtype=int64), array([38], dtype=int64), array([41], dtype=int64), array([54], dtype=int64), array([33], dtype=int64), array([35], dtype=int64), array([63], dtype=int64), array([32], dtype=int64), array([34], dtype=int64), array([62], dtype=int64), array([30], dtype=int64), array([33], dtype=int64), array([34], dtype=int64), array([14], dtype=int64), array([34], dtype=int64), array([30], dtype=int64), array([21], dtype=int64), array([22], dtype=int64), array([29], dtype=int64), array([25], dtype=int64), array([30], dtype=int64), array([27], dtype=int64), array([9], dtype=int64), array([40], dtype=int64), array([54], dtype=int64), array([22], dtype=int64), array([21], dtype=int64), array([18], dtype=int64), array([5], dtype=int64), array([40], dtype=int64), array([24], dtype=int64), array([0], dtype=int64), array([9], dtype=int64), array([12], dtype=int64), array([0], dtype=int64), array([18], dtype=int64), array([24], dtype=int64), array([43], dtype=int64), array([34], dtype=int64), array([19], dtype=int64), array([28], dtype=int64), array([2], dtype=int64), array([1], dtype=int64), array([42], dtype=int64), array([0], dtype=int64), array([24], dtype=int64), array([41], dtype=int64), array([0], dtype=int64), array([37], dtype=int64), array([3], dtype=int64), array([0], dtype=int64)]","[89.1526107788086, 60.94178771972656, 98.99971771240234, 91.00011444091797, 64.12336730957031, 65.38011932373047, 64.1728286743164, 57.82292938232422, 60.291996002197266, 49.46223449707031, 42.78348922729492, 38.527061462402344, 38.358638763427734, 37.58346939086914, 60.35757827758789, 35.061336517333984, 34.357330322265625, 58.48820495605469, 28.384986877441406, 28.338899612426758, 31.446969985961914, 27.129894256591797, 24.757091522216797, 23.881961822509766, 25.19441032409668, 24.641813278198242, 22.905000686645508, 29.07272720336914, 26.10610008239746, 28.28037452697754, 23.97740936279297, 22.28685760498047, 49.06997299194336, 28.082849502563477, 30.316728591918945, 25.134620666503906, 24.173669815063477, 21.392656326293945, 22.34568977355957, 23.777170181274414, 29.263439178466797, 19.134937286376953, 19.31238555908203, 23.54335594177246, 16.021177291870117, 12.316795349121094, 37.403160095214844, 37.3162841796875, 28.799604415893555, 15.800918579101562, 8.054804801940918, 49.208580017089844, 3.683746099472046, 42.87795639038086, 43.14004898071289, -0.12962430715560913, 43.41329574584961, 0.43840694427490234, 6.24492073059082]"
2,[55],"[11, 16, 53, 42, 19, 3, 9, 29, 22, 14, 17, 49, 37, 10, 2, 32, 0, 52, 44, 6, 18, 21, 1, 24, 13, 20, 7, 36, 43, 50, 23, 33, 12, 8, 56, 34, 38, 30, 28, 51, 46, 31, 35, 26, 27, 40, 39, 41, 45, 54, 57, 15, 4, 58, 5, 59, 25, 47, 48]","[array([58], dtype=int64), array([60], dtype=int64), array([40], dtype=int64), array([43], dtype=int64), array([34], dtype=int64), array([35], dtype=int64), array([70], dtype=int64), array([22], dtype=int64), array([32], dtype=int64), array([40], dtype=int64), array([33], dtype=int64), array([54], dtype=int64), array([14], dtype=int64), array([66], dtype=int64), array([40], dtype=int64), array([37], dtype=int64), array([41], dtype=int64), array([22], dtype=int64), array([34], dtype=int64), array([63], dtype=int64), array([38], dtype=int64), array([35], dtype=int64), array([62], dtype=int64), array([34], dtype=int64), array([33], dtype=int64), array([30], dtype=int64), array([54], dtype=int64), array([18], dtype=int64), array([28], dtype=int64), array([24], dtype=int64), array([30], dtype=int64), array([9], dtype=int64), array([34], dtype=int64), array([57], dtype=int64), array([5], dtype=int64), array([9], dtype=int64), array([21], dtype=int64), array([29], dtype=int64), array([25], dtype=int64), array([21], dtype=int64), array([0], dtype=int64), array([40], dtype=int64), array([18], dtype=int64), array([27], dtype=int64), array([30], dtype=int64), array([22], dtype=int64), array([24], dtype=int64), array([12], dtype=int64), array([1], dtype=int64), array([19], dtype=int64), array([0], dtype=int64), array([42], dtype=int64), array([24], dtype=int64), array([0], dtype=int64), array([41], dtype=int64), array([0], dtype=int64), array([37], dtype=int64), array([3], dtype=int64), array([0], dtype=int64)]","[92.08615112304688, 71.84504699707031, 69.38690185546875, 72.38813781738281, 65.04839324951172, 63.55802536010742, 53.9637451171875, 90.99989318847656, 66.22698211669922, 57.598453521728516, 50.32869338989258, 59.57940673828125, 54.353580474853516, 44.26430892944336, 55.69481658935547, 55.03810119628906, 49.904972076416016, 47.943538665771484, 41.4930419921875, 61.50934982299805, 43.26362609863281, 38.1313362121582, 44.9936637878418, 36.55424499511719, 33.61655807495117, 34.27278518676758, 55.62199020385742, 34.034732818603516, 31.87978172302246, 33.461341857910156, 27.493188858032227, 28.40479278564453, 28.957056045532227, 63.90909957885742, 24.344724655151367, 27.74970817565918, 24.445098876953125, 28.426477432250977, 21.512372970581055, 25.465333938598633, 30.516746520996094, 42.650760650634766, 34.72978973388672, 25.783584594726562, 26.069015502929688, 18.184228897094727, 17.17493438720703, 21.795536041259766, 18.954137802124023, 29.2718505859375, 13.517644882202148, 41.19806671142578, 40.61457443237305, 3.551795721054077, 43.14004898071289, -0.12962430715560913, 43.41329574584961, 0.43840694427490234, 6.24492073059082]"
3,[15],"[11, 9, 29, 19, 14, 16, 3, 0, 18, 10, 2, 32, 21, 49, 6, 1, 22, 13, 7, 24, 12, 31, 20, 17, 30, 37, 26, 51, 50, 53, 33, 52, 38, 46, 36, 56, 28, 34, 27, 23, 42, 54, 44, 35, 43, 40, 39, 55, 41, 45, 57, 8, 4, 58, 5, 59, 25, 47, 48]","[array([58], dtype=int64), array([70], dtype=int64), array([22], dtype=int64), array([34], dtype=int64), array([40], dtype=int64), array([60], dtype=int64), array([35], dtype=int64), array([41], dtype=int64), array([38], dtype=int64), array([66], dtype=int64), array([40], dtype=int64), array([37], dtype=int64), array([35], dtype=int64), array([54], dtype=int64), array([63], dtype=int64), array([62], dtype=int64), array([32], dtype=int64), array([33], dtype=int64), array([54], dtype=int64), array([34], dtype=int64), array([34], dtype=int64), array([40], dtype=int64), array([30], dtype=int64), array([33], dtype=int64), array([29], dtype=int64), array([14], dtype=int64), array([27], dtype=int64), array([21], dtype=int64), array([24], dtype=int64), array([40], dtype=int64), array([9], dtype=int64), array([22], dtype=int64), array([21], dtype=int64), array([0], dtype=int64), array([18], dtype=int64), array([5], dtype=int64), array([25], dtype=int64), array([9], dtype=int64), array([30], dtype=int64), array([30], dtype=int64), array([43], dtype=int64), array([19], dtype=int64), array([34], dtype=int64), array([18], dtype=int64), array([28], dtype=int64), array([22], dtype=int64), array([24], dtype=int64), array([2], dtype=int64), array([12], dtype=int64), array([1], dtype=int64), array([0], dtype=int64), array([57], dtype=int64), array([24], dtype=int64), array([0], dtype=int64), array([41], dtype=int64), array([0], dtype=int64), array([37], dtype=int64), array([3], dtype=int64), array([0], dtype=int64)]","[95.4303207397461, 66.69608306884766, 70.99994659423828, 73.37033081054688, 79.99734497070312, 69.746826171875, 60.78696060180664, 57.82151794433594, 50.02552032470703, 46.253726959228516, 56.65091323852539, 59.84211349487305, 43.06752395629883, 45.39101028442383, 63.9681510925293, 43.30307388305664, 37.739219665527344, 39.447593688964844, 53.69361877441406, 33.36147689819336, 30.84504508972168, 20.1173152923584, 27.949674606323242, 29.566619873046875, 27.115989685058594, 29.37517547607422, 26.41887664794922, 24.832542419433594, 21.702043533325195, 23.547800064086914, 27.081798553466797, 31.56050682067871, 29.360546112060547, 22.612308502197266, 26.077465057373047, 24.89654541015625, 28.728675842285156, 22.916034698486328, 23.827489852905273, 17.74347686767578, 15.791349411010742, 38.430946350097656, 41.74859619140625, 32.497013092041016, 27.062360763549805, 19.888784408569336, 16.343544006347656, 20.279645919799805, 17.349720001220703, 5.392582893371582, 7.483100891113281, 56.096832275390625, 40.61457443237305, 3.551795721054077, 43.14004898071289, -0.12962430715560913, 43.41329574584961, 0.43840694427490234, 6.24492073059082]"
4,[15],"[11, 9, 29, 19, 14, 16, 3, 0, 18, 10, 2, 32, 21, 49, 6, 1, 22, 13, 7, 24, 12, 31, 20, 17, 30, 37, 26, 51, 50, 53, 33, 52, 38, 46, 36, 56, 28, 34, 27, 23, 42, 54, 44, 35, 43, 40, 39, 55, 41, 45, 57, 8, 4, 58, 5, 59, 25, 47, 48]","[array([58], dtype=int64), array([70], dtype=int64), array([22], dtype=int64), array([34], dtype=int64), array([40], dtype=int64), array([60], dtype=int64), array([35], dtype=int64), array([41], dtype=int64), array([38], dtype=int64), array([66], dtype=int64), array([40], dtype=int64), array([37], dtype=int64), array([35], dtype=int64), array([54], dtype=int64), array([63], dtype=int64), array([62], dtype=int64), array([32], dtype=int64), array([33], dtype=int64), array([54], dtype=int64), array([34], dtype=int64), array([34], dtype=int64), array([40], dtype=int64), array([30], dtype=int64), array([33], dtype=int64), array([29], dtype=int64), array([14], dtype=int64), array([27], dtype=int64), array([21], dtype=int64), array([24], dtype=int64), array([40], dtype=int64), array([9], dtype=int64), array([22], dtype=int64), array([21], dtype=int64), array([0], dtype=int64), array([18], dtype=int64), array([5], dtype=int64), array([25], dtype=int64), array([9], dtype=int64), array([30], dtype=int64), array([30], dtype=int64), array([43], dtype=int64), array([19], dtype=int64), array([34], dtype=int64), array([18], dtype=int64), array([28], dtype=int64), array([22], dtype=int64), array([24], dtype=int64), array([2], dtype=int64), array([12], dtype=int64), array([1], dtype=int64), array([0], dtype=int64), array([57], dtype=int64), array([24], dtype=int64), array([0], dtype=int64), array([41], dtype=int64), array([0], dtype=int64), array([37], dtype=int64), array([3], dtype=int64), array([0], dtype=int64)]","[95.4303207397461, 66.69608306884766, 70.99994659423828, 73.37033081054688, 79.99734497070312, 69.746826171875, 60.78696060180664, 57.82151794433594, 50.02552032470703, 46.253726959228516, 56.65091323852539, 59.84211349487305, 43.06752395629883, 45.39101028442383, 63.9681510925293, 43.30307388305664, 37.739219665527344, 39.447593688964844, 53.69361877441406, 33.36147689819336, 30.84504508972168, 20.1173152923584, 27.949674606323242, 29.566619873046875, 27.115989685058594, 29.37517547607422, 26.41887664794922, 24.832542419433594, 21.702043533325195, 23.547800064086914, 27.081798553466797, 31.56050682067871, 29.360546112060547, 22.612308502197266, 26.077465057373047, 24.89654541015625, 28.728675842285156, 22.916034698486328, 23.827489852905273, 17.74347686767578, 15.791349411010742, 38.430946350097656, 41.74859619140625, 32.497013092041016, 27.062360763549805, 19.888784408569336, 16.343544006347656, 20.279645919799805, 17.349720001220703, 5.392582893371582, 7.483100891113281, 56.096832275390625, 40.61457443237305, 3.551795721054077, 43.14004898071289, -0.12962430715560913, 43.41329574584961, 0.43840694427490234, 6.24492073059082]"
5,[39],"[16, 9, 14, 32, 10, 3, 27, 2, 18, 6, 11, 22, 21, 0, 13, 49, 24, 1, 20, 7, 37, 17, 19, 26, 30, 35, 28, 12, 53, 33, 38, 36, 52, 56, 29, 50, 8, 46, 51, 23, 40, 31, 41, 34, 42, 58, 44, 54, 43, 55, 45, 15, 57, 4, 5, 59, 25, 47, 48]","[array([60], dtype=int64), array([70], dtype=int64), array([40], dtype=int64), array([37], dtype=int64), array([66], dtype=int64), array([35], dtype=int64), array([30], dtype=int64), array([40], dtype=int64), array([38], dtype=int64), array([63], dtype=int64), array([58], dtype=int64), array([32], dtype=int64), array([35], dtype=int64), array([41], dtype=int64), array([33], dtype=int64), array([54], dtype=int64), array([34], dtype=int64), array([62], dtype=int64), array([30], dtype=int64), array([54], dtype=int64), array([14], dtype=int64), array([33], dtype=int64), array([34], dtype=int64), array([27], dtype=int64), array([29], dtype=int64), array([18], dtype=int64), array([25], dtype=int64), array([34], dtype=int64), array([40], dtype=int64), array([9], dtype=int64), array([21], dtype=int64), array([18], dtype=int64), array([22], dtype=int64), array([5], dtype=int64), array([22], dtype=int64), array([24], dtype=int64), array([57], dtype=int64), array([0], dtype=int64), array([21], dtype=int64), array([30], dtype=int64), array([22], dtype=int64), array([40], dtype=int64), array([12], dtype=int64), array([9], dtype=int64), array([43], dtype=int64), array([0], dtype=int64), array([34], dtype=int64), array([19], dtype=int64), array([28], dtype=int64), array([2], dtype=int64), array([1], dtype=int64), array([42], dtype=int64), array([0], dtype=int64), array([24], dtype=int64), array([41], dtype=int64), array([0], dtype=int64), array([37], dtype=int64), array([3], dtype=int64), array([0], dtype=int64)]","[93.05677032470703, 83.14962768554688, 81.06753540039062, 99.00028228759766, 98.99897003173828, 98.00048065185547, 98.99958801269531, 63.39017105102539, 50.27484893798828, 58.138671875, 64.2441177368164, 37.444671630859375, 38.07841110229492, 39.398216247558594, 42.666053771972656, 35.92640686035156, 33.387027740478516, 51.98705291748047, 30.90131950378418, 46.47089767456055, 30.6701717376709, 29.13318634033203, 29.848581314086914, 30.416492462158203, 33.17815399169922, 29.89633560180664, 27.913040161132812, 26.56748390197754, 25.55048179626465, 26.70844078063965, 38.50517654418945, 31.034696578979492, 27.76917266845703, 28.56057357788086, 29.1971435546875, 20.933284759521484, 59.811058044433594, 20.188154220581055, 18.493505477905273, 23.577421188354492, 21.028621673583984, 20.53200912475586, 15.280001640319824, 28.964038848876953, 12.638236045837402, 14.334317207336426, 37.403160095214844, 37.3162841796875, 28.799604415893555, 15.800918579101562, 8.054804801940918, 49.208580017089844, 3.683746099472046, 42.87795639038086, 43.14004898071289, -0.12962430715560913, 43.41329574584961, 0.43840694427490234, 6.24492073059082]"
6,[50],"[11, 3, 16, 14, 49, 32, 29, 0, 9, 36, 6, 5, 8, 10, 2, 1, 25, 13, 22, 18, 21, 24, 19, 20, 17, 30, 27, 26, 28, 37, 31, 39, 33, 51, 23, 56, 42, 57, 43, 44, 46, 54, 35, 40, 41, 7, 38, 53, 55, 52, 34, 45, 15, 58, 4, 12, 59, 47, 48]","[array([58], dtype=int64), array([35], dtype=int64), array([60], dtype=int64), array([40], dtype=int64), array([54], dtype=int64), array([37], dtype=int64), array([22], dtype=int64), array([41], dtype=int64), array([70], dtype=int64), array([18], dtype=int64), array([63], dtype=int64), array([41], dtype=int64), array([57], dtype=int64), array([66], dtype=int64), array([40], dtype=int64), array([62], dtype=int64), array([37], dtype=int64), array([33], dtype=int64), array([32], dtype=int64), array([38], dtype=int64), array([35], dtype=int64), array([34], dtype=int64), array([34], dtype=int64), array([30], dtype=int64), array([33], dtype=int64), array([29], dtype=int64), array([30], dtype=int64), array([27], dtype=int64), array([25], dtype=int64), array([14], dtype=int64), array([40], dtype=int64), array([24], dtype=int64), array([9], dtype=int64), array([21], dtype=int64), array([30], dtype=int64), array([5], dtype=int64), array([43], dtype=int64), array([0], dtype=int64), array([28], dtype=int64), array([34], dtype=int64), array([0], dtype=int64), array([19], dtype=int64), array([18], dtype=int64), array([22], dtype=int64), array([12], dtype=int64), array([54], dtype=int64), array([21], dtype=int64), array([40], dtype=int64), array([2], dtype=int64), array([22], dtype=int64), array([9], dtype=int64), array([1], dtype=int64), array([42], dtype=int64), array([0], dtype=int64), array([24], dtype=int64), array([34], dtype=int64), array([0], dtype=int64), array([3], dtype=int64), array([0], dtype=int64)]","[92.18035888671875, 66.33859252929688, 91.0003433227539, 90.99996185302734, 98.99983215332031, 98.9998550415039, 98.9995346069336, 57.647464752197266, 57.63805389404297, 56.99457550048828, 62.21458435058594, 44.84796905517578, 43.51759719848633, 55.34022521972656, 46.54139709472656, 47.071903228759766, 38.177528381347656, 39.50774383544922, 43.14501953125, 40.80826950073242, 38.29925537109375, 35.316219329833984, 26.677661895751953, 25.51711654663086, 29.781192779541016, 28.102996826171875, 28.95022964477539, 29.118274688720703, 27.36046028137207, 25.417753219604492, 21.454673767089844, 23.628768920898438, 24.529996871948242, 26.120574951171875, 22.539262771606445, 23.002887725830078, 24.04093360900879, 24.282575607299805, 35.02678680419922, 32.88933563232422, 21.46271324157715, 34.30830764770508, 31.446056365966797, 21.802595138549805, 20.689905166625977, 46.12407302856445, 15.078628540039062, 21.455036163330078, 14.561200141906738, 23.288711547851562, 24.856054306030273, 7.94822359085083, 43.11540222167969, 0.39577335119247437, 42.40328598022461, 35.36592483520508, -1.2786105871200562, 0.43840694427490234, 6.24492073059082]"
7,[20],"[11, 9, 29, 16, 10, 14, 3, 2, 32, 18, 6, 22, 13, 21, 0, 49, 24, 1, 7, 37, 19, 17, 12, 30, 26, 27, 28, 56, 53, 34, 50, 38, 36, 52, 33, 31, 46, 15, 42, 44, 54, 35, 43, 23, 51, 40, 39, 55, 41, 45, 57, 8, 4, 58, 5, 59, 25, 47, 48]","[array([58], dtype=int64), array([70], dtype=int64), array([22], dtype=int64), array([60], dtype=int64), array([66], dtype=int64), array([40], dtype=int64), array([35], dtype=int64), array([40], dtype=int64), array([37], dtype=int64), array([38], dtype=int64), array([63], dtype=int64), array([32], dtype=int64), array([33], dtype=int64), array([35], dtype=int64), array([41], dtype=int64), array([54], dtype=int64), array([34], dtype=int64), array([62], dtype=int64), array([54], dtype=int64), array([14], dtype=int64), array([34], dtype=int64), array([33], dtype=int64), array([34], dtype=int64), array([29], dtype=int64), array([27], dtype=int64), array([30], dtype=int64), array([25], dtype=int64), array([5], dtype=int64), array([40], dtype=int64), array([9], dtype=int64), array([24], dtype=int64), array([21], dtype=int64), array([18], dtype=int64), array([22], dtype=int64), array([9], dtype=int64), array([40], dtype=int64), array([0], dtype=int64), array([42], dtype=int64), array([43], dtype=int64), array([34], dtype=int64), array([19], dtype=int64), array([18], dtype=int64), array([28], dtype=int64), array([30], dtype=int64), array([21], dtype=int64), array([22], dtype=int64), array([24], dtype=int64), array([2], dtype=int64), array([12], dtype=int64), array([1], dtype=int64), array([0], dtype=int64), array([57], dtype=int64), array([24], dtype=int64), array([0], dtype=int64), array([41], dtype=int64), array([0], dtype=int64), array([37], dtype=int64), array([3], dtype=int64), array([0], dtype=int64)]","[92.01924896240234, 82.12559509277344, 91.00023651123047, 74.15062713623047, 60.93509292602539, 63.45903396606445, 58.34032440185547, 56.97277069091797, 61.83379364013672, 46.88523864746094, 64.12205505371094, 41.222816467285156, 39.72218704223633, 36.46009826660156, 36.07670211791992, 35.86556625366211, 34.86421203613281, 52.29547119140625, 49.892250061035156, 28.75771713256836, 31.299266815185547, 28.969270706176758, 26.275747299194336, 23.889881134033203, 23.746458053588867, 28.26913070678711, 28.84364891052246, 21.964035034179688, 24.716283798217773, 30.607418060302734, 32.65837478637695, 29.177873611450195, 27.34162712097168, 23.00912857055664, 27.196706771850586, 22.50844955444336, 20.895414352416992, 19.953670501708984, 12.324576377868652, 40.71235275268555, 35.28450012207031, 34.088951110839844, 28.869970321655273, 25.347206115722656, 20.485811233520508, 19.888784408569336, 16.343544006347656, 20.279645919799805, 17.349720001220703, 5.392582893371582, 7.483100891113281, 56.096832275390625, 40.61457443237305, 3.551795721054077, 43.14004898071289, -0.12962430715560913, 43.41329574584961, 0.43840694427490234, 6.24492073059082]"
8,[14],"[11, 9, 29, 36, 10, 3, 16, 2, 32, 18, 6, 13, 21, 0, 22, 24, 1, 49, 7, 19, 12, 20, 17, 30, 28, 53, 38, 52, 26, 27, 34, 50, 33, 51, 46, 56, 37, 31, 23, 40, 39, 45, 35, 8, 41, 15, 42, 54, 43, 44, 57, 58, 55, 4, 5, 59, 25, 47, 48]","[array([58], dtype=int64), array([70], dtype=int64), array([22], dtype=int64), array([18], dtype=int64), array([66], dtype=int64), array([35], dtype=int64), array([60], dtype=int64), array([40], dtype=int64), array([37], dtype=int64), array([38], dtype=int64), array([63], dtype=int64), array([33], dtype=int64), array([35], dtype=int64), array([41], dtype=int64), array([32], dtype=int64), array([34], dtype=int64), array([62], dtype=int64), array([54], dtype=int64), array([54], dtype=int64), array([34], dtype=int64), array([34], dtype=int64), array([30], dtype=int64), array([33], dtype=int64), array([29], dtype=int64), array([25], dtype=int64), array([40], dtype=int64), array([21], dtype=int64), array([22], dtype=int64), array([27], dtype=int64), array([30], dtype=int64), array([9], dtype=int64), array([24], dtype=int64), array([9], dtype=int64), array([21], dtype=int64), array([0], dtype=int64), array([5], dtype=int64), array([14], dtype=int64), array([40], dtype=int64), array([30], dtype=int64), array([22], dtype=int64), array([24], dtype=int64), array([1], dtype=int64), array([18], dtype=int64), array([57], dtype=int64), array([12], dtype=int64), array([42], dtype=int64), array([43], dtype=int64), array([19], dtype=int64), array([28], dtype=int64), array([34], dtype=int64), array([0], dtype=int64), array([0], dtype=int64), array([2], dtype=int64), array([24], dtype=int64), array([41], dtype=int64), array([0], dtype=int64), array([37], dtype=int64), array([3], dtype=int64), array([0], dtype=int64)]","[73.61155700683594, 65.13430786132812, 70.99970245361328, 56.99597930908203, 98.99720001220703, 98.00017547607422, 62.82097244262695, 62.28977584838867, 57.9303092956543, 48.311824798583984, 61.78146743774414, 36.821197509765625, 37.99354553222656, 37.36761474609375, 34.9729118347168, 33.27523422241211, 44.41859436035156, 37.25545120239258, 53.13701248168945, 27.224632263183594, 27.811206817626953, 26.799352645874023, 27.166645050048828, 26.403921127319336, 29.59103012084961, 26.978038787841797, 30.504913330078125, 31.98054313659668, 27.46672821044922, 27.517183303833008, 29.616527557373047, 30.35511016845703, 22.34498405456543, 20.27255630493164, 22.072689056396484, 22.562108993530273, 21.03238296508789, 23.672866821289062, 14.788372039794922, 17.17368507385254, 15.211064338684082, 18.09376335144043, 17.655704498291016, 61.93875503540039, 15.968600273132324, 16.810617446899414, 8.503473281860352, 35.64678192138672, 31.21434211730957, 35.61238479614258, 5.684863567352295, 1.5956032276153564, 17.237548828125, 42.87795639038086, 43.14004898071289, -0.12962430715560913, 43.41329574584961, 0.43840694427490234, 6.24492073059082]"
9,[29],"[11, 9, 36, 10, 3, 16, 14, 2, 18, 32, 6, 13, 21, 0, 22, 24, 1, 49, 7, 19, 12, 20, 17, 30, 28, 53, 38, 52, 26, 27, 34, 50, 33, 51, 46, 56, 37, 31, 23, 40, 39, 45, 35, 8, 41, 15, 42, 54, 43, 44, 57, 58, 55, 4, 5, 59, 25, 47, 48]","[array([58], dtype=int64), array([70], dtype=int64), array([18], dtype=int64), array([66], dtype=int64), array([35], dtype=int64), array([60], dtype=int64), array([40], dtype=int64), array([40], dtype=int64), array([38], dtype=int64), array([37], dtype=int64), array([63], dtype=int64), array([33], dtype=int64), array([35], dtype=int64), array([41], dtype=int64), array([32], dtype=int64), array([34], dtype=int64), array([62], dtype=int64), array([54], dtype=int64), array([54], dtype=int64), array([34], dtype=int64), array([34], dtype=int64), array([30], dtype=int64), array([33], dtype=int64), array([29], dtype=int64), array([25], dtype=int64), array([40], dtype=int64), array([21], dtype=int64), array([22], dtype=int64), array([27], dtype=int64), array([30], dtype=int64), array([9], dtype=int64), array([24], dtype=int64), array([9], dtype=int64), array([21], dtype=int64), array([0], dtype=int64), array([5], dtype=int64), array([14], dtype=int64), array([40], dtype=int64), array([30], dtype=int64), array([22], dtype=int64), array([24], dtype=int64), array([1], dtype=int64), array([18], dtype=int64), array([57], dtype=int64), array([12], dtype=int64), array([42], dtype=int64), array([43], dtype=int64), array([19], dtype=int64), array([28], dtype=int64), array([34], dtype=int64), array([0], dtype=int64), array([0], dtype=int64), array([2], dtype=int64), array([24], dtype=int64), array([41], dtype=int64), array([0], dtype=int64), array([37], dtype=int64), array([3], dtype=int64), array([0], dtype=int64)]","[92.16072082519531, 81.86572265625, 56.996578216552734, 98.99984741210938, 98.00004577636719, 65.2801742553711, 65.61588287353516, 62.28977584838867, 49.587547302246094, 50.51215744018555, 61.78146743774414, 36.821197509765625, 37.99354553222656, 37.36761474609375, 34.9729118347168, 33.27523422241211, 44.41859436035156, 37.25545120239258, 53.13701248168945, 27.224632263183594, 27.811206817626953, 26.799352645874023, 27.166645050048828, 26.403921127319336, 29.59103012084961, 26.978038787841797, 30.504913330078125, 31.98054313659668, 27.46672821044922, 27.517183303833008, 29.616527557373047, 30.35511016845703, 22.34498405456543, 20.27255630493164, 22.072689056396484, 22.562108993530273, 21.03238296508789, 23.672866821289062, 14.788372039794922, 17.17368507385254, 15.211064338684082, 18.09376335144043, 17.655704498291016, 61.93875503540039, 15.968600273132324, 16.810617446899414, 8.503473281860352, 35.64678192138672, 31.21434211730957, 35.61238479614258, 5.684863567352295, 1.5956032276153564, 17.237548828125, 42.87795639038086, 43.14004898071289, -0.12962430715560913, 43.41329574584961, 0.43840694427490234, 6.24492073059082]"
10,[36],"[16, 9, 14, 49, 29, 2, 0, 10, 32, 18, 3, 6, 11, 13, 21, 22, 1, 24, 7, 19, 12, 20, 17, 30, 28, 53, 38, 52, 26, 27, 34, 50, 33, 51, 46, 56, 37, 31, 23, 40, 39, 45, 35, 8, 41, 15, 42, 54, 43, 44, 57, 58, 55, 4, 5, 59, 25, 47, 48]","[array([60], dtype=int64), array([70], dtype=int64), array([40], dtype=int64), array([54], dtype=int64), array([22], dtype=int64), array([40], dtype=int64), array([41], dtype=int64), array([66], dtype=int64), array([37], dtype=int64), array([38], dtype=int64), array([35], dtype=int64), array([63], dtype=int64), array([58], dtype=int64), array([33], dtype=int64), array([35], dtype=int64), array([32], dtype=int64), array([62], dtype=int64), array([34], dtype=int64), array([54], dtype=int64), array([34], dtype=int64), array([34], dtype=int64), array([30], dtype=int64), array([33], dtype=int64), array([29], dtype=int64), array([25], dtype=int64), array([40], dtype=int64), array([21], dtype=int64), array([22], dtype=int64), array([27], dtype=int64), array([30], dtype=int64), array([9], dtype=int64), array([24], dtype=int64), array([9], dtype=int64), array([21], dtype=int64), array([0], dtype=int64), array([5], dtype=int64), array([14], dtype=int64), array([40], dtype=int64), array([30], dtype=int64), array([22], dtype=int64), array([24], dtype=int64), array([1], dtype=int64), array([18], dtype=int64), array([57], dtype=int64), array([12], dtype=int64), array([42], dtype=int64), array([43], dtype=int64), array([19], dtype=int64), array([28], dtype=int64), array([34], dtype=int64), array([0], dtype=int64), array([0], dtype=int64), array([2], dtype=int64), array([24], dtype=int64), array([41], dtype=int64), array([0], dtype=int64), array([37], dtype=int64), array([3], dtype=int64), array([0], dtype=int64)]","[93.26213073730469, 81.55823516845703, 81.11407470703125, 98.99998474121094, 98.99984741210938, 48.0494499206543, 47.46339797973633, 47.619346618652344, 59.98023986816406, 50.81687545776367, 44.68852233886719, 59.66352844238281, 67.00189971923828, 39.79562759399414, 39.14102554321289, 35.766963958740234, 44.81483840942383, 33.53807067871094, 53.13701248168945, 27.224632263183594, 27.811206817626953, 26.799352645874023, 27.166645050048828, 26.403921127319336, 29.59103012084961, 26.978038787841797, 30.504913330078125, 31.98054313659668, 27.46672821044922, 27.517183303833008, 29.616527557373047, 30.35511016845703, 22.34498405456543, 20.27255630493164, 22.072689056396484, 22.562108993530273, 21.03238296508789, 23.672866821289062, 14.788372039794922, 17.17368507385254, 15.211064338684082, 18.09376335144043, 17.655704498291016, 61.93875503540039, 15.968600273132324, 16.810617446899414, 8.503473281860352, 35.64678192138672, 31.21434211730957, 35.61238479614258, 5.684863567352295, 1.5956032276153564, 17.237548828125, 42.87795639038086, 43.14004898071289, -0.12962430715560913, 43.41329574584961, 0.43840694427490234, 6.24492073059082]"
11,[28],"[16, 10, 49, 25, 29, 14, 3, 9, 0, 2, 13, 32, 6, 22, 18, 11, 21, 24, 1, 38, 12, 19, 20, 17, 37, 30, 27, 26, 51, 33, 23, 46, 35, 34, 31, 42, 57, 45, 7, 44, 50, 54, 43, 40, 39, 55, 56, 53, 41, 15, 52, 58, 8, 36, 4, 5, 59, 47, 48]","[array([60], dtype=int64), array([66], dtype=int64), array([54], dtype=int64), array([37], dtype=int64), array([22], dtype=int64), array([40], dtype=int64), array([35], dtype=int64), array([70], dtype=int64), array([41], dtype=int64), array([40], dtype=int64), array([33], dtype=int64), array([37], dtype=int64), array([63], dtype=int64), array([32], dtype=int64), array([38], dtype=int64), array([58], dtype=int64), array([35], dtype=int64), array([34], dtype=int64), array([62], dtype=int64), array([21], dtype=int64), array([34], dtype=int64), array([34], dtype=int64), array([30], dtype=int64), array([33], dtype=int64), array([14], dtype=int64), array([29], dtype=int64), array([30], dtype=int64), array([27], dtype=int64), array([21], dtype=int64), array([9], dtype=int64), array([30], dtype=int64), array([0], dtype=int64), array([18], dtype=int64), array([9], dtype=int64), array([40], dtype=int64), array([43], dtype=int64), array([0], dtype=int64), array([1], dtype=int64), array([54], dtype=int64), array([34], dtype=int64), array([24], dtype=int64), array([19], dtype=int64), array([28], dtype=int64), array([22], dtype=int64), array([24], dtype=int64), array([2], dtype=int64), array([5], dtype=int64), array([40], dtype=int64), array([12], dtype=int64), array([42], dtype=int64), array([22], dtype=int64), array([0], dtype=int64), array([57], dtype=int64), array([18], dtype=int64), array([24], dtype=int64), array([41], dtype=int64), array([0], dtype=int64), array([3], dtype=int64), array([0], dtype=int64)]","[93.06600952148438, 67.71321868896484, 98.9997329711914, 77.69297790527344, 91.00010681152344, 67.97574615478516, 63.884033203125, 65.7248764038086, 51.26027297973633, 47.42768859863281, 42.47620391845703, 53.49504852294922, 67.10746765136719, 42.417362213134766, 41.751869201660156, 63.009273529052734, 36.67189407348633, 34.547035217285156, 58.71514129638672, 29.044355392456055, 27.765628814697266, 29.32986068725586, 27.40096664428711, 31.24597930908203, 25.568872451782227, 26.077165603637695, 27.428438186645508, 28.538990020751953, 24.306785583496094, 23.57493782043457, 23.43327522277832, 17.52344512939453, 20.698421478271484, 19.964338302612305, 19.92292594909668, 17.64546775817871, 34.723819732666016, 22.390981674194336, 59.23866653442383, 38.95539093017578, 34.763145446777344, 36.9207763671875, 31.488689422607422, 20.802371978759766, 20.976160049438477, 17.20123863220215, 17.788759231567383, 18.85124397277832, 15.748896598815918, 45.8309211730957, 10.543146133422852, 1.79025137424469, 54.90913391113281, 13.213297843933105, 41.03927993774414, 48.02171325683594, -1.2786105871200562, 0.43840694427490234, 6.24492073059082]"
12,[30],"[11, 9, 29, 16, 3, 10, 14, 2, 32, 18, 6, 13, 0, 21, 24, 49, 22, 1, 19, 20, 37, 7, 12, 17, 26, 27, 28, 56, 53, 34, 50, 38, 36, 52, 33, 31, 46, 15, 42, 44, 54, 35, 43, 23, 51, 40, 39, 55, 41, 45, 57, 8, 4, 58, 5, 59, 25, 47, 48]","[array([58], dtype=int64), array([70], dtype=int64), array([22], dtype=int64), array([60], dtype=int64), array([35], dtype=int64), array([66], dtype=int64), array([40], dtype=int64), array([40], dtype=int64), array([37], dtype=int64), array([38], dtype=int64), array([63], dtype=int64), array([33], dtype=int64), array([41], dtype=int64), array([35], dtype=int64), array([34], dtype=int64), array([54], dtype=int64), array([32], dtype=int64), array([62], dtype=int64), array([34], dtype=int64), array([30], dtype=int64), array([14], dtype=int64), array([54], dtype=int64), array([34], dtype=int64), array([33], dtype=int64), array([27], dtype=int64), array([30], dtype=int64), array([25], dtype=int64), array([5], dtype=int64), array([40], dtype=int64), array([9], dtype=int64), array([24], dtype=int64), array([21], dtype=int64), array([18], dtype=int64), array([22], dtype=int64), array([9], dtype=int64), array([40], dtype=int64), array([0], dtype=int64), array([42], dtype=int64), array([43], dtype=int64), array([34], dtype=int64), array([19], dtype=int64), array([18], dtype=int64), array([28], dtype=int64), array([30], dtype=int64), array([21], dtype=int64), array([22], dtype=int64), array([24], dtype=int64), array([2], dtype=int64), array([12], dtype=int64), array([1], dtype=int64), array([0], dtype=int64), array([57], dtype=int64), array([24], dtype=int64), array([0], dtype=int64), array([41], dtype=int64), array([0], dtype=int64), array([37], dtype=int64), array([3], dtype=int64), array([0], dtype=int64)]","[92.9944076538086, 79.12486267089844, 91.00023651123047, 72.12577819824219, 61.91099548339844, 60.15040969848633, 65.5739517211914, 57.82445526123047, 61.72471237182617, 49.53605270385742, 68.16071319580078, 38.80316925048828, 40.610679626464844, 37.415138244628906, 35.40947723388672, 37.83334732055664, 35.396968841552734, 56.8162727355957, 31.06528663635254, 31.366090774536133, 29.470321655273438, 53.234405517578125, 27.445602416992188, 25.79550552368164, 23.746458053588867, 28.26913070678711, 28.84364891052246, 21.964035034179688, 24.716283798217773, 30.607418060302734, 32.65837478637695, 29.177873611450195, 27.34162712097168, 23.00912857055664, 27.196706771850586, 22.50844955444336, 20.895414352416992, 19.953670501708984, 12.324576377868652, 40.71235275268555, 35.28450012207031, 34.088951110839844, 28.869970321655273, 25.347206115722656, 20.485811233520508, 19.888784408569336, 16.343544006347656, 20.279645919799805, 17.349720001220703, 5.392582893371582, 7.483100891113281, 56.096832275390625, 40.61457443237305, 3.551795721054077, 43.14004898071289, -0.12962430715560913, 43.41329574584961, 0.43840694427490234, 6.24492073059082]"
13,[16],"[14, 3, 49, 32, 29, 9, 40, 18, 10, 2, 6, 0, 11, 13, 21, 1, 22, 24, 19, 20, 7, 38, 30, 26, 17, 27, 28, 12, 51, 33, 23, 34, 35, 37, 45, 31, 39, 56, 53, 8, 41, 52, 50, 46, 36, 15, 42, 54, 43, 44, 57, 58, 55, 4, 5, 59, 25, 47, 48]","[array([40], dtype=int64), array([35], dtype=int64), array([54], dtype=int64), array([37], dtype=int64), array([22], dtype=int64), array([70], dtype=int64), array([22], dtype=int64), array([38], dtype=int64), array([66], dtype=int64), array([40], dtype=int64), array([63], dtype=int64), array([41], dtype=int64), array([58], dtype=int64), array([33], dtype=int64), array([35], dtype=int64), array([62], dtype=int64), array([32], dtype=int64), array([34], dtype=int64), array([34], dtype=int64), array([30], dtype=int64), array([54], dtype=int64), array([21], dtype=int64), array([29], dtype=int64), array([27], dtype=int64), array([33], dtype=int64), array([30], dtype=int64), array([25], dtype=int64), array([34], dtype=int64), array([21], dtype=int64), array([9], dtype=int64), array([30], dtype=int64), array([9], dtype=int64), array([18], dtype=int64), array([14], dtype=int64), array([1], dtype=int64), array([40], dtype=int64), array([24], dtype=int64), array([5], dtype=int64), array([40], dtype=int64), array([57], dtype=int64), array([12], dtype=int64), array([22], dtype=int64), array([24], dtype=int64), array([0], dtype=int64), array([18], dtype=int64), array([42], dtype=int64), array([43], dtype=int64), array([19], dtype=int64), array([28], dtype=int64), array([34], dtype=int64), array([0], dtype=int64), array([0], dtype=int64), array([2], dtype=int64), array([24], dtype=int64), array([41], dtype=int64), array([0], dtype=int64), array([37], dtype=int64), array([3], dtype=int64), array([0], dtype=int64)]","[82.29263305664062, 63.30214309692383, 98.99998474121094, 98.99970245361328, 99.00013732910156, 57.32262420654297, 58.998512268066406, 39.724151611328125, 47.813987731933594, 54.779483795166016, 60.38136672973633, 46.45924758911133, 67.72515106201172, 38.66385269165039, 37.16042709350586, 51.052337646484375, 34.70354080200195, 32.835628509521484, 27.42449188232422, 28.635662078857422, 47.50019836425781, 28.26698875427246, 33.30466079711914, 28.64010238647461, 27.51136016845703, 28.96307945251465, 29.33856201171875, 29.988126754760742, 28.515920639038086, 25.978330612182617, 23.756990432739258, 24.56635093688965, 24.2646484375, 24.32321548461914, 22.89422035217285, 24.953693389892578, 14.5802640914917, 21.081653594970703, 18.690879821777344, 60.30501937866211, 14.605786323547363, 24.501035690307617, 20.11311149597168, 17.0277156829834, 24.596406936645508, 16.810617446899414, 8.503473281860352, 35.64678192138672, 31.21434211730957, 35.61238479614258, 5.684863567352295, 1.5956032276153564, 17.237548828125, 42.87795639038086, 43.14004898071289, -0.12962430715560913, 43.41329574584961, 0.43840694427490234, 6.24492073059082]"
14,[6],"[1, 16, 10, 12, 29, 3, 14, 9, 2, 18, 0, 32, 21, 13, 22, 49, 11, 24, 7, 19, 20, 17, 53, 37, 38, 34, 30, 50, 27, 26, 28, 33, 52, 36, 31, 51, 46, 42, 44, 43, 56, 15, 54, 35, 23, 40, 39, 55, 41, 45, 57, 8, 4, 58, 5, 59, 25, 47, 48]","[array([62], dtype=int64), array([60], dtype=int64), array([66], dtype=int64), array([34], dtype=int64), array([22], dtype=int64), array([35], dtype=int64), array([40], dtype=int64), array([70], dtype=int64), array([40], dtype=int64), array([38], dtype=int64), array([41], dtype=int64), array([37], dtype=int64), array([35], dtype=int64), array([33], dtype=int64), array([32], dtype=int64), array([54], dtype=int64), array([58], dtype=int64), array([34], dtype=int64), array([54], dtype=int64), array([34], dtype=int64), array([30], dtype=int64), array([33], dtype=int64), array([40], dtype=int64), array([14], dtype=int64), array([21], dtype=int64), array([9], dtype=int64), array([29], dtype=int64), array([24], dtype=int64), array([30], dtype=int64), array([27], dtype=int64), array([25], dtype=int64), array([9], dtype=int64), array([22], dtype=int64), array([18], dtype=int64), array([40], dtype=int64), array([21], dtype=int64), array([0], dtype=int64), array([43], dtype=int64), array([34], dtype=int64), array([28], dtype=int64), array([5], dtype=int64), array([42], dtype=int64), array([19], dtype=int64), array([18], dtype=int64), array([30], dtype=int64), array([22], dtype=int64), array([24], dtype=int64), array([2], dtype=int64), array([12], dtype=int64), array([1], dtype=int64), array([0], dtype=int64), array([57], dtype=int64), array([24], dtype=int64), array([0], dtype=int64), array([41], dtype=int64), array([0], dtype=int64), array([37], dtype=int64), array([3], dtype=int64), array([0], dtype=int64)]","[79.14047241210938, 66.69125366210938, 78.00032043457031, 74.99655151367188, 99.00003814697266, 63.685245513916016, 61.23756408691406, 63.554664611816406, 59.11485290527344, 49.29927062988281, 45.4715461730957, 62.866764068603516, 38.08552169799805, 36.72106170654297, 36.29274368286133, 37.77485656738281, 63.49370574951172, 33.539363861083984, 49.45933151245117, 28.528684616088867, 18.307823181152344, 27.37493324279785, 26.3427734375, 30.887155532836914, 25.566354751586914, 30.19986343383789, 21.047664642333984, 31.283973693847656, 26.356014251708984, 25.752412796020508, 27.142972946166992, 26.21208953857422, 34.2431640625, 35.31755447387695, 22.81382942199707, 22.28187370300293, 19.292724609375, 15.388975143432617, 24.49724578857422, 26.101552963256836, 25.29434585571289, 46.40270233154297, 35.83270263671875, 35.53012466430664, 23.096233367919922, 19.888784408569336, 16.343544006347656, 20.279645919799805, 17.349720001220703, 5.392582893371582, 7.483100891113281, 56.096832275390625, 40.61457443237305, 3.551795721054077, 43.14004898071289, -0.12962430715560913, 43.41329574584961, 0.43840694427490234, 6.24492073059082]"
15,[13],"[11, 3, 9, 34, 53, 10, 0, 16, 14, 2, 18, 32, 6, 21, 49, 29, 22, 1, 24, 7, 36, 38, 37, 17, 19, 50, 12, 52, 20, 33, 30, 26, 46, 28, 27, 56, 31, 15, 42, 44, 54, 35, 43, 23, 51, 40, 39, 55, 41, 45, 57, 8, 4, 58, 5, 59, 25, 47, 48]","[array([58], dtype=int64), array([35], dtype=int64), array([70], dtype=int64), array([9], dtype=int64), array([40], dtype=int64), array([66], dtype=int64), array([41], dtype=int64), array([60], dtype=int64), array([40], dtype=int64), array([40], dtype=int64), array([38], dtype=int64), array([37], dtype=int64), array([63], dtype=int64), array([35], dtype=int64), array([54], dtype=int64), array([22], dtype=int64), array([32], dtype=int64), array([62], dtype=int64), array([34], dtype=int64), array([54], dtype=int64), array([18], dtype=int64), array([21], dtype=int64), array([14], dtype=int64), array([33], dtype=int64), array([34], dtype=int64), array([24], dtype=int64), array([34], dtype=int64), array([22], dtype=int64), array([30], dtype=int64), array([9], dtype=int64), array([29], dtype=int64), array([27], dtype=int64), array([0], dtype=int64), array([25], dtype=int64), array([30], dtype=int64), array([5], dtype=int64), array([40], dtype=int64), array([42], dtype=int64), array([43], dtype=int64), array([34], dtype=int64), array([19], dtype=int64), array([18], dtype=int64), array([28], dtype=int64), array([30], dtype=int64), array([21], dtype=int64), array([22], dtype=int64), array([24], dtype=int64), array([2], dtype=int64), array([12], dtype=int64), array([1], dtype=int64), array([0], dtype=int64), array([57], dtype=int64), array([24], dtype=int64), array([0], dtype=int64), array([41], dtype=int64), array([0], dtype=int64), array([37], dtype=int64), array([3], dtype=int64), array([0], dtype=int64)]","[90.06526184082031, 62.566368103027344, 29.000490188598633, 91.00017547607422, 93.99958801269531, 98.9992446899414, 98.99718475341797, 65.19017028808594, 65.60769653320312, 53.579708099365234, 48.30632400512695, 54.412479400634766, 57.848838806152344, 38.125282287597656, 33.55348587036133, 91.00031280517578, 33.68573760986328, 37.89645767211914, 36.44336700439453, 53.030128479003906, 31.126136779785156, 34.53219223022461, 29.86498260498047, 34.68641662597656, 31.788864135742188, 34.03921890258789, 28.051280975341797, 23.687952041625977, 26.697877883911133, 23.86557388305664, 27.17767906188965, 27.44476318359375, 21.341796875, 27.72857666015625, 23.817567825317383, 22.4696044921875, 21.937772750854492, 19.953670501708984, 12.324576377868652, 40.71235275268555, 35.28450012207031, 34.088951110839844, 28.869970321655273, 25.347206115722656, 20.485811233520508, 19.888784408569336, 16.343544006347656, 20.279645919799805, 17.349720001220703, 5.392582893371582, 7.483100891113281, 56.096832275390625, 40.61457443237305, 3.551795721054077, 43.14004898071289, -0.12962430715560913, 43.41329574584961, 0.43840694427490234, 6.24492073059082]"
16,[23],"[16, 3, 28, 9, 14, 29, 49, 2, 0, 10, 13, 32, 18, 6, 11, 21, 22, 24, 1, 19, 7, 20, 17, 53, 34, 37, 36, 50, 33, 52, 12, 56, 30, 26, 27, 38, 45, 46, 31, 51, 57, 40, 15, 42, 44, 54, 43, 35, 39, 55, 41, 8, 4, 58, 5, 59, 25, 47, 48]","[array([60], dtype=int64), array([35], dtype=int64), array([25], dtype=int64), array([70], dtype=int64), array([40], dtype=int64), array([22], dtype=int64), array([54], dtype=int64), array([40], dtype=int64), array([41], dtype=int64), array([66], dtype=int64), array([33], dtype=int64), array([37], dtype=int64), array([38], dtype=int64), array([63], dtype=int64), array([58], dtype=int64), array([35], dtype=int64), array([32], dtype=int64), array([34], dtype=int64), array([62], dtype=int64), array([34], dtype=int64), array([54], dtype=int64), array([30], dtype=int64), array([33], dtype=int64), array([40], dtype=int64), array([9], dtype=int64), array([14], dtype=int64), array([18], dtype=int64), array([24], dtype=int64), array([9], dtype=int64), array([22], dtype=int64), array([34], dtype=int64), array([5], dtype=int64), array([29], dtype=int64), array([27], dtype=int64), array([30], dtype=int64), array([21], dtype=int64), array([1], dtype=int64), array([0], dtype=int64), array([40], dtype=int64), array([21], dtype=int64), array([0], dtype=int64), array([22], dtype=int64), array([42], dtype=int64), array([43], dtype=int64), array([34], dtype=int64), array([19], dtype=int64), array([28], dtype=int64), array([18], dtype=int64), array([24], dtype=int64), array([2], dtype=int64), array([12], dtype=int64), array([57], dtype=int64), array([24], dtype=int64), array([0], dtype=int64), array([41], dtype=int64), array([0], dtype=int64), array([37], dtype=int64), array([3], dtype=int64), array([0], dtype=int64)]","[93.11199951171875, 68.443603515625, 80.9987564086914, 59.393798828125, 63.35417175292969, 91.00023651123047, 54.39926528930664, 48.451385498046875, 48.771026611328125, 44.29184341430664, 42.91315841674805, 51.99755859375, 48.94813537597656, 61.89228057861328, 64.4847412109375, 38.36123275756836, 36.98538589477539, 33.85992431640625, 41.44071960449219, 30.32627296447754, 52.69027328491211, 30.35015106201172, 28.898714065551758, 28.130590438842773, 34.26966094970703, 32.35022735595703, 29.0306396484375, 30.09830665588379, 31.626033782958984, 31.242937088012695, 34.49491882324219, 25.758115768432617, 26.863088607788086, 28.23899269104004, 26.422019958496094, 23.281373977661133, 22.05467987060547, 18.96816635131836, 18.229061126708984, 15.607654571533203, 13.029458999633789, 16.988542556762695, 15.779470443725586, 48.91918182373047, 41.827789306640625, 35.34547424316406, 31.221521377563477, 34.35213088989258, 16.762798309326172, 17.588031768798828, 13.767167091369629, 56.096832275390625, 40.61457443237305, 3.551795721054077, 43.14004898071289, -0.12962430715560913, 43.41329574584961, 0.43840694427490234, 6.24492073059082]"
17,[33],"[11, 9, 29, 10, 3, 14, 16, 2, 32, 18, 6, 13, 0, 21, 22, 49, 1, 24, 12, 7, 19, 38, 17, 20, 30, 37, 53, 52, 36, 26, 28, 51, 50, 31, 46, 27, 56, 34, 23, 40, 39, 45, 35, 8, 41, 15, 42, 54, 43, 44, 57, 58, 55, 4, 5, 59, 25, 47, 48]","[array([58], dtype=int64), array([70], dtype=int64), array([22], dtype=int64), array([66], dtype=int64), array([35], dtype=int64), array([40], dtype=int64), array([60], dtype=int64), array([40], dtype=int64), array([37], dtype=int64), array([38], dtype=int64), array([63], dtype=int64), array([33], dtype=int64), array([41], dtype=int64), array([35], dtype=int64), array([32], dtype=int64), array([54], dtype=int64), array([62], dtype=int64), array([34], dtype=int64), array([34], dtype=int64), array([54], dtype=int64), array([34], dtype=int64), array([21], dtype=int64), array([33], dtype=int64), array([30], dtype=int64), array([29], dtype=int64), array([14], dtype=int64), array([40], dtype=int64), array([22], dtype=int64), array([18], dtype=int64), array([27], dtype=int64), array([25], dtype=int64), array([21], dtype=int64), array([24], dtype=int64), array([40], dtype=int64), array([0], dtype=int64), array([30], dtype=int64), array([5], dtype=int64), array([9], dtype=int64), array([30], dtype=int64), array([22], dtype=int64), array([24], dtype=int64), array([1], dtype=int64), array([18], dtype=int64), array([57], dtype=int64), array([12], dtype=int64), array([42], dtype=int64), array([43], dtype=int64), array([19], dtype=int64), array([28], dtype=int64), array([34], dtype=int64), array([0], dtype=int64), array([0], dtype=int64), array([2], dtype=int64), array([24], dtype=int64), array([41], dtype=int64), array([0], dtype=int64), array([37], dtype=int64), array([3], dtype=int64), array([0], dtype=int64)]","[92.09681701660156, 80.85289764404297, 90.9998779296875, 98.99994659423828, 97.9996337890625, 67.89583587646484, 65.2403335571289, 55.6883430480957, 62.63932800292969, 49.10628890991211, 61.338077545166016, 37.64162063598633, 37.8021240234375, 41.68696975708008, 34.780208587646484, 33.623008728027344, 45.45388412475586, 33.75599670410156, 28.06244659423828, 44.897422790527344, 27.128141403198242, 18.570585250854492, 23.84872055053711, 22.50403594970703, 24.028112411499023, 24.674036026000977, 23.215456008911133, 31.904356002807617, 27.218032836914062, 28.266305923461914, 25.236896514892578, 22.675216674804688, 19.79644203186035, 20.1790771484375, 21.762548446655273, 24.531604766845703, 24.32143211364746, 21.191377639770508, 14.788372039794922, 17.17368507385254, 15.211064338684082, 18.09376335144043, 17.655704498291016, 61.93875503540039, 15.968600273132324, 16.810617446899414, 8.503473281860352, 35.64678192138672, 31.21434211730957, 35.61238479614258, 5.684863567352295, 1.5956032276153564, 17.237548828125, 42.87795639038086, 43.14004898071289, -0.12962430715560913, 43.41329574584961, 0.43840694427490234, 6.24492073059082]"
18,[11],"[1, 53, 14, 9, 10, 49, 12, 29, 16, 3, 2, 0, 18, 32, 21, 13, 22, 37, 24, 6, 50, 17, 19, 20, 7, 30, 27, 28, 33, 36, 52, 26, 46, 34, 56, 31, 38, 15, 42, 44, 54, 35, 43, 23, 51, 40, 39, 55, 41, 45, 57, 8, 4, 58, 5, 59, 25, 47, 48]","[array([62], dtype=int64), array([40], dtype=int64), array([40], dtype=int64), array([70], dtype=int64), array([66], dtype=int64), array([54], dtype=int64), array([34], dtype=int64), array([22], dtype=int64), array([60], dtype=int64), array([35], dtype=int64), array([40], dtype=int64), array([41], dtype=int64), array([38], dtype=int64), array([37], dtype=int64), array([35], dtype=int64), array([33], dtype=int64), array([32], dtype=int64), array([14], dtype=int64), array([34], dtype=int64), array([63], dtype=int64), array([24], dtype=int64), array([33], dtype=int64), array([34], dtype=int64), array([30], dtype=int64), array([54], dtype=int64), array([29], dtype=int64), array([30], dtype=int64), array([25], dtype=int64), array([9], dtype=int64), array([18], dtype=int64), array([22], dtype=int64), array([27], dtype=int64), array([0], dtype=int64), array([9], dtype=int64), array([5], dtype=int64), array([40], dtype=int64), array([21], dtype=int64), array([42], dtype=int64), array([43], dtype=int64), array([34], dtype=int64), array([19], dtype=int64), array([18], dtype=int64), array([28], dtype=int64), array([30], dtype=int64), array([21], dtype=int64), array([22], dtype=int64), array([24], dtype=int64), array([2], dtype=int64), array([12], dtype=int64), array([1], dtype=int64), array([0], dtype=int64), array([57], dtype=int64), array([24], dtype=int64), array([0], dtype=int64), array([41], dtype=int64), array([0], dtype=int64), array([37], dtype=int64), array([3], dtype=int64), array([0], dtype=int64)]","[76.01324462890625, 69.7770004272461, 62.9544792175293, 29.001314163208008, 77.99861907958984, 78.99993133544922, 74.99862670898438, 98.99974822998047, 65.94280242919922, 57.06269836425781, 58.4320068359375, 56.473182678222656, 51.33702850341797, 58.55360412597656, 41.7728271484375, 36.01602554321289, 34.94237518310547, 33.53839874267578, 32.85845184326172, 52.065799713134766, 29.638046264648438, 36.467166900634766, 31.77242088317871, 31.970613479614258, 49.1588020324707, 28.518882751464844, 24.605857849121094, 33.47294235229492, 26.16757583618164, 34.04573440551758, 32.361427307128906, 28.9655818939209, 23.428272247314453, 26.563949584960938, 24.034162521362305, 20.910097122192383, 20.60357093811035, 19.953670501708984, 12.324576377868652, 40.71235275268555, 35.28450012207031, 34.088951110839844, 28.869970321655273, 25.347206115722656, 20.485811233520508, 19.888784408569336, 16.343544006347656, 20.279645919799805, 17.349720001220703, 5.392582893371582, 7.483100891113281, 56.096832275390625, 40.61457443237305, 3.551795721054077, 43.14004898071289, -0.12962430715560913, 43.41329574584961, 0.43840694427490234, 6.24492073059082]"
19,[43],"[11, 9, 53, 3, 49, 32, 16, 34, 29, 10, 14, 2, 18, 0, 6, 21, 1, 13, 22, 24, 38, 7, 50, 41, 12, 52, 19, 37, 17, 44, 42, 20, 36, 51, 56, 57, 30, 26, 27, 28, 33, 31, 15, 54, 35, 23, 40, 39, 55, 45, 8, 46, 4, 58, 5, 59, 25, 47, 48]","[array([58], dtype=int64), array([70], dtype=int64), array([40], dtype=int64), array([35], dtype=int64), array([54], dtype=int64), array([37], dtype=int64), array([60], dtype=int64), array([9], dtype=int64), array([22], dtype=int64), array([66], dtype=int64), array([40], dtype=int64), array([40], dtype=int64), array([38], dtype=int64), array([41], dtype=int64), array([63], dtype=int64), array([35], dtype=int64), array([62], dtype=int64), array([33], dtype=int64), array([32], dtype=int64), array([34], dtype=int64), array([21], dtype=int64), array([54], dtype=int64), array([24], dtype=int64), array([12], dtype=int64), array([34], dtype=int64), array([22], dtype=int64), array([34], dtype=int64), array([14], dtype=int64), array([33], dtype=int64), array([34], dtype=int64), array([43], dtype=int64), array([30], dtype=int64), array([18], dtype=int64), array([21], dtype=int64), array([5], dtype=int64), array([0], dtype=int64), array([29], dtype=int64), array([27], dtype=int64), array([30], dtype=int64), array([25], dtype=int64), array([9], dtype=int64), array([40], dtype=int64), array([42], dtype=int64), array([19], dtype=int64), array([18], dtype=int64), array([30], dtype=int64), array([22], dtype=int64), array([24], dtype=int64), array([2], dtype=int64), array([1], dtype=int64), array([57], dtype=int64), array([0], dtype=int64), array([24], dtype=int64), array([0], dtype=int64), array([41], dtype=int64), array([0], dtype=int64), array([37], dtype=int64), array([3], dtype=int64), array([0], dtype=int64)]","[92.1406021118164, 76.19116973876953, 94.00003814697266, 74.00011444091797, 99.00029754638672, 99.00005340576172, 91.0, 90.99992370605469, 98.99957275390625, 49.44602584838867, 63.741943359375, 53.5022087097168, 47.85350799560547, 41.79301071166992, 61.284847259521484, 37.36600112915039, 43.0235710144043, 34.863643646240234, 35.09832000732422, 35.49686050415039, 31.69997215270996, 51.78961181640625, 28.82306671142578, 29.496782302856445, 27.211633682250977, 27.21178436279297, 28.911470413208008, 30.002300262451172, 31.620479583740234, 27.756467819213867, 29.79082489013672, 31.782989501953125, 28.64846420288086, 27.811092376708984, 21.554140090942383, 33.0699462890625, 24.053409576416016, 27.917831420898438, 31.713544845581055, 36.06949234008789, 31.052244186401367, 21.91575813293457, 41.435081481933594, 34.371089935302734, 30.42374038696289, 25.943342208862305, 20.9540958404541, 16.71996307373047, 15.341022491455078, 10.001832962036133, 56.09794235229492, 4.642634391784668, 40.61457443237305, 3.551795721054077, 43.14004898071289, -0.12962430715560913, 43.41329574584961, 0.43840694427490234, 6.24492073059082]"
20,[57],"[11, 9, 34, 3, 16, 14, 10, 2, 32, 18, 13, 6, 0, 1, 22, 21, 24, 49, 12, 7, 31, 29, 17, 19, 20, 37, 30, 50, 26, 8, 53, 52, 38, 28, 27, 51, 46, 56, 40, 41, 23, 39, 33, 36, 35, 42, 44, 54, 43, 55, 45, 15, 4, 58, 5, 59, 25, 47, 48]","[array([58], dtype=int64), array([70], dtype=int64), array([9], dtype=int64), array([35], dtype=int64), array([60], dtype=int64), array([40], dtype=int64), array([66], dtype=int64), array([40], dtype=int64), array([37], dtype=int64), array([38], dtype=int64), array([33], dtype=int64), array([63], dtype=int64), array([41], dtype=int64), array([62], dtype=int64), array([32], dtype=int64), array([35], dtype=int64), array([34], dtype=int64), array([54], dtype=int64), array([34], dtype=int64), array([54], dtype=int64), array([40], dtype=int64), array([22], dtype=int64), array([33], dtype=int64), array([34], dtype=int64), array([30], dtype=int64), array([14], dtype=int64), array([29], dtype=int64), array([24], dtype=int64), array([27], dtype=int64), array([57], dtype=int64), array([40], dtype=int64), array([22], dtype=int64), array([21], dtype=int64), array([25], dtype=int64), array([30], dtype=int64), array([21], dtype=int64), array([0], dtype=int64), array([5], dtype=int64), array([22], dtype=int64), array([12], dtype=int64), array([30], dtype=int64), array([24], dtype=int64), array([9], dtype=int64), array([18], dtype=int64), array([18], dtype=int64), array([43], dtype=int64), array([34], dtype=int64), array([19], dtype=int64), array([28], dtype=int64), array([2], dtype=int64), array([1], dtype=int64), array([42], dtype=int64), array([24], dtype=int64), array([0], dtype=int64), array([41], dtype=int64), array([0], dtype=int64), array([37], dtype=int64), array([3], dtype=int64), array([0], dtype=int64)]","[92.02037048339844, 87.46131134033203, 91.00007629394531, 97.99984741210938, 71.99626159667969, 64.94483947753906, 50.726253509521484, 57.658775329589844, 59.893680572509766, 45.82672119140625, 42.61581802368164, 62.510902404785156, 38.42313766479492, 53.846229553222656, 36.03316879272461, 37.253021240234375, 35.899131774902344, 38.600318908691406, 31.40631675720215, 44.51234436035156, 23.59113311767578, 90.99990844726562, 27.969532012939453, 24.46746253967285, 20.43828582763672, 23.294824600219727, 19.811189651489258, 18.222105026245117, 17.95335578918457, 53.618385314941406, 22.03369903564453, 25.80326271057129, 23.91923713684082, 23.297527313232422, 28.749065399169922, 22.177091598510742, 18.436586380004883, 19.985671997070312, 15.940314292907715, 16.95440673828125, 17.018320083618164, 15.083122253417969, 27.75609016418457, 16.64866065979004, 11.838662147521973, 13.733992576599121, 39.67888259887695, 35.62932586669922, 30.064218521118164, 15.249764442443848, 6.709051609039307, 41.19806671142578, 40.61457443237305, 3.551795721054077, 43.14004898071289, -0.12962430715560913, 43.41329574584961, 0.43840694427490234, 6.24492073059082]"
21,[10],"[9, 16, 29, 14, 2, 32, 3, 6, 18, 11, 13, 21, 22, 0, 24, 1, 49, 7, 19, 20, 17, 37, 12, 30, 26, 27, 28, 56, 53, 34, 50, 38, 36, 52, 33, 31, 46, 15, 42, 44, 54, 35, 43, 23, 51, 40, 39, 55, 41, 45, 57, 8, 4, 58, 5, 59, 25, 47, 48]","[array([70], dtype=int64), array([60], dtype=int64), array([22], dtype=int64), array([40], dtype=int64), array([40], dtype=int64), array([37], dtype=int64), array([35], dtype=int64), array([63], dtype=int64), array([38], dtype=int64), array([58], dtype=int64), array([33], dtype=int64), array([35], dtype=int64), array([32], dtype=int64), array([41], dtype=int64), array([34], dtype=int64), array([62], dtype=int64), array([54], dtype=int64), array([54], dtype=int64), array([34], dtype=int64), array([30], dtype=int64), array([33], dtype=int64), array([14], dtype=int64), array([34], dtype=int64), array([29], dtype=int64), array([27], dtype=int64), array([30], dtype=int64), array([25], dtype=int64), array([5], dtype=int64), array([40], dtype=int64), array([9], dtype=int64), array([24], dtype=int64), array([21], dtype=int64), array([18], dtype=int64), array([22], dtype=int64), array([9], dtype=int64), array([40], dtype=int64), array([0], dtype=int64), array([42], dtype=int64), array([43], dtype=int64), array([34], dtype=int64), array([19], dtype=int64), array([18], dtype=int64), array([28], dtype=int64), array([30], dtype=int64), array([21], dtype=int64), array([22], dtype=int64), array([24], dtype=int64), array([2], dtype=int64), array([12], dtype=int64), array([1], dtype=int64), array([0], dtype=int64), array([57], dtype=int64), array([24], dtype=int64), array([0], dtype=int64), array([41], dtype=int64), array([0], dtype=int64), array([37], dtype=int64), array([3], dtype=int64), array([0], dtype=int64)]","[73.03668975830078, 67.19552612304688, 71.00008392333984, 81.20271301269531, 62.5168342590332, 55.22767639160156, 98.00027465820312, 64.26290130615234, 50.25273895263672, 63.62105941772461, 39.8754768371582, 37.39790725708008, 35.179744720458984, 35.82365036010742, 34.033592224121094, 59.468814849853516, 36.063232421875, 51.46306228637695, 28.474462509155273, 25.873783111572266, 29.698270797729492, 30.484163284301758, 26.275747299194336, 23.889881134033203, 23.746458053588867, 28.26913070678711, 28.84364891052246, 21.964035034179688, 24.716283798217773, 30.607418060302734, 32.65837478637695, 29.177873611450195, 27.34162712097168, 23.00912857055664, 27.196706771850586, 22.50844955444336, 20.895414352416992, 19.953670501708984, 12.324576377868652, 40.71235275268555, 35.28450012207031, 34.088951110839844, 28.869970321655273, 25.347206115722656, 20.485811233520508, 19.888784408569336, 16.343544006347656, 20.279645919799805, 17.349720001220703, 5.392582893371582, 7.483100891113281, 56.096832275390625, 40.61457443237305, 3.551795721054077, 43.14004898071289, -0.12962430715560913, 43.41329574584961, 0.43840694427490234, 6.24492073059082]"
22,[58],"[11, 3, 29, 10, 12, 9, 16, 14, 2, 18, 32, 6, 22, 0, 13, 21, 49, 1, 24, 7, 19, 20, 17, 38, 37, 23, 53, 34, 36, 30, 50, 56, 27, 28, 26, 33, 52, 45, 31, 46, 51, 40, 35, 39, 41, 15, 42, 44, 54, 43, 55, 57, 8, 4, 5, 59, 25, 47, 48]","[array([58], dtype=int64), array([35], dtype=int64), array([22], dtype=int64), array([66], dtype=int64), array([34], dtype=int64), array([70], dtype=int64), array([60], dtype=int64), array([40], dtype=int64), array([40], dtype=int64), array([38], dtype=int64), array([37], dtype=int64), array([63], dtype=int64), array([32], dtype=int64), array([41], dtype=int64), array([33], dtype=int64), array([35], dtype=int64), array([54], dtype=int64), array([62], dtype=int64), array([34], dtype=int64), array([54], dtype=int64), array([34], dtype=int64), array([30], dtype=int64), array([33], dtype=int64), array([21], dtype=int64), array([14], dtype=int64), array([30], dtype=int64), array([40], dtype=int64), array([9], dtype=int64), array([18], dtype=int64), array([29], dtype=int64), array([24], dtype=int64), array([5], dtype=int64), array([30], dtype=int64), array([25], dtype=int64), array([27], dtype=int64), array([9], dtype=int64), array([22], dtype=int64), array([1], dtype=int64), array([40], dtype=int64), array([0], dtype=int64), array([21], dtype=int64), array([22], dtype=int64), array([18], dtype=int64), array([24], dtype=int64), array([12], dtype=int64), array([42], dtype=int64), array([43], dtype=int64), array([34], dtype=int64), array([19], dtype=int64), array([28], dtype=int64), array([2], dtype=int64), array([0], dtype=int64), array([57], dtype=int64), array([24], dtype=int64), array([41], dtype=int64), array([0], dtype=int64), array([37], dtype=int64), array([3], dtype=int64), array([0], dtype=int64)]","[92.02519226074219, 68.61573028564453, 91.00015258789062, 77.99840545654297, 74.99903869628906, 66.19270324707031, 62.720558166503906, 64.83454132080078, 56.91207504272461, 49.96946334838867, 55.88336944580078, 63.31770706176758, 37.51028823852539, 38.361289978027344, 42.723384857177734, 36.65265655517578, 33.237998962402344, 47.69569778442383, 32.28424835205078, 44.64493179321289, 20.43663215637207, 18.186113357543945, 26.265729904174805, 27.27863311767578, 28.2069091796875, 23.886070251464844, 22.346466064453125, 27.318363189697266, 28.36768341064453, 24.962127685546875, 27.33736801147461, 30.216796875, 31.087202072143555, 35.54554748535156, 30.34385108947754, 25.539104461669922, 25.700910568237305, 22.209720611572266, 20.105545043945312, 22.314668655395508, 18.996891021728516, 12.905366897583008, 16.37369728088379, 14.242584228515625, 16.26506805419922, 14.123446464538574, 43.537353515625, 41.24235916137695, 35.14330291748047, 26.866073608398438, 17.756250381469727, 3.6002156734466553, 54.7349853515625, 42.87795639038086, 43.14004898071289, -0.12962430715560913, 43.41329574584961, 0.43840694427490234, 6.24492073059082]"
23,[59],"[16, 9, 14, 49, 29, 0, 10, 17, 2, 13, 18, 32, 42, 6, 11, 3, 52, 37, 21, 22, 1, 7, 24, 19, 50, 20, 44, 8, 51, 43, 12, 4, 45, 31, 35, 53, 41, 28, 27, 30, 26, 23, 40, 39, 34, 33, 56, 54, 38, 46, 55, 57, 36, 15, 58, 5, 25, 47, 48]","[array([60], dtype=int64), array([70], dtype=int64), array([40], dtype=int64), array([54], dtype=int64), array([22], dtype=int64), array([41], dtype=int64), array([66], dtype=int64), array([33], dtype=int64), array([40], dtype=int64), array([33], dtype=int64), array([38], dtype=int64), array([37], dtype=int64), array([43], dtype=int64), array([63], dtype=int64), array([58], dtype=int64), array([35], dtype=int64), array([22], dtype=int64), array([14], dtype=int64), array([35], dtype=int64), array([32], dtype=int64), array([62], dtype=int64), array([54], dtype=int64), array([34], dtype=int64), array([34], dtype=int64), array([24], dtype=int64), array([30], dtype=int64), array([34], dtype=int64), array([57], dtype=int64), array([21], dtype=int64), array([28], dtype=int64), array([34], dtype=int64), array([24], dtype=int64), array([1], dtype=int64), array([40], dtype=int64), array([18], dtype=int64), array([40], dtype=int64), array([12], dtype=int64), array([25], dtype=int64), array([30], dtype=int64), array([29], dtype=int64), array([27], dtype=int64), array([30], dtype=int64), array([22], dtype=int64), array([24], dtype=int64), array([9], dtype=int64), array([9], dtype=int64), array([5], dtype=int64), array([19], dtype=int64), array([21], dtype=int64), array([0], dtype=int64), array([2], dtype=int64), array([0], dtype=int64), array([18], dtype=int64), array([42], dtype=int64), array([0], dtype=int64), array([41], dtype=int64), array([37], dtype=int64), array([3], dtype=int64), array([0], dtype=int64)]","[92.99776458740234, 84.1011962890625, 80.9886245727539, 98.99983215332031, 98.99993133544922, 68.39405822753906, 45.7876091003418, 64.11637115478516, 49.25332260131836, 43.99079513549805, 40.98649978637695, 56.156394958496094, 35.606101989746094, 42.981407165527344, 62.14741134643555, 54.31422805786133, 54.850372314453125, 43.36610412597656, 38.49879455566406, 34.159114837646484, 46.97040939331055, 39.58863067626953, 32.87943649291992, 31.408002853393555, 32.579063415527344, 27.988750457763672, 30.868364334106445, 59.50580596923828, 31.30342674255371, 28.007015228271484, 24.85603141784668, 32.905921936035156, 29.819610595703125, 21.558555603027344, 34.99860763549805, 22.82285499572754, 26.033153533935547, 24.768232345581055, 25.22268295288086, 25.747474670410156, 27.879878997802734, 20.997257232666016, 28.07120704650879, 23.76636505126953, 36.118446350097656, 23.77814483642578, 22.201072692871094, 35.42457962036133, 19.750551223754883, 24.27594757080078, 14.235137939453125, 8.916034698486328, 10.06124496459961, 48.01420593261719, 0.544423520565033, 52.879554748535156, 43.41329574584961, 0.43840694427490234, 6.24492073059082]"
24,[45],"[11, 3, 10, 12, 16, 9, 14, 49, 30, 2, 32, 18, 0, 6, 13, 21, 1, 22, 24, 7, 19, 20, 31, 29, 38, 17, 26, 37, 53, 36, 34, 50, 27, 28, 46, 33, 52, 56, 51, 23, 57, 40, 15, 42, 44, 54, 43, 35, 39, 55, 41, 8, 4, 58, 5, 59, 25, 47, 48]","[array([58], dtype=int64), array([35], dtype=int64), array([66], dtype=int64), array([34], dtype=int64), array([60], dtype=int64), array([70], dtype=int64), array([40], dtype=int64), array([54], dtype=int64), array([29], dtype=int64), array([40], dtype=int64), array([37], dtype=int64), array([38], dtype=int64), array([41], dtype=int64), array([63], dtype=int64), array([33], dtype=int64), array([35], dtype=int64), array([62], dtype=int64), array([32], dtype=int64), array([34], dtype=int64), array([54], dtype=int64), array([34], dtype=int64), array([30], dtype=int64), array([40], dtype=int64), array([22], dtype=int64), array([21], dtype=int64), array([33], dtype=int64), array([27], dtype=int64), array([14], dtype=int64), array([40], dtype=int64), array([18], dtype=int64), array([9], dtype=int64), array([24], dtype=int64), array([30], dtype=int64), array([25], dtype=int64), array([0], dtype=int64), array([9], dtype=int64), array([22], dtype=int64), array([5], dtype=int64), array([21], dtype=int64), array([30], dtype=int64), array([0], dtype=int64), array([22], dtype=int64), array([42], dtype=int64), array([43], dtype=int64), array([34], dtype=int64), array([19], dtype=int64), array([28], dtype=int64), array([18], dtype=int64), array([24], dtype=int64), array([2], dtype=int64), array([12], dtype=int64), array([57], dtype=int64), array([24], dtype=int64), array([0], dtype=int64), array([41], dtype=int64), array([0], dtype=int64), array([37], dtype=int64), array([3], dtype=int64), array([0], dtype=int64)]","[92.08934783935547, 66.54267120361328, 77.99891662597656, 74.99858856201172, 68.5984115600586, 64.14664459228516, 64.43302917480469, 99.00088500976562, 99.00025177001953, 56.033119201660156, 59.10200881958008, 48.70145034790039, 45.063358306884766, 62.154178619384766, 44.266502380371094, 40.770023345947266, 58.0751953125, 36.208126068115234, 34.9832649230957, 52.943092346191406, 27.781469345092773, 24.323619842529297, 18.579557418823242, 91.00001525878906, 19.447650909423828, 22.652446746826172, 20.717365264892578, 26.23345184326172, 18.292667388916016, 21.433595657348633, 23.803319931030273, 24.915508270263672, 27.59161949157715, 29.174184799194336, 18.663602828979492, 27.066837310791016, 17.878084182739258, 15.519932746887207, 17.3227596282959, 13.230963706970215, 13.029458999633789, 16.988542556762695, 15.779470443725586, 48.91918182373047, 41.827789306640625, 35.34547424316406, 31.221521377563477, 34.35213088989258, 16.762798309326172, 17.588031768798828, 13.767167091369629, 56.096832275390625, 40.61457443237305, 3.551795721054077, 43.14004898071289, -0.12962430715560913, 43.41329574584961, 0.43840694427490234, 6.24492073059082]"
25,[24],"[11, 3, 9, 36, 16, 14, 2, 18, 10, 32, 6, 0, 13, 21, 1, 22, 7, 49, 19, 12, 31, 20, 17, 53, 38, 30, 27, 26, 56, 28, 34, 50, 52, 46, 33, 37, 15, 42, 44, 54, 35, 43, 23, 51, 29, 40, 39, 55, 41, 45, 57, 8, 4, 58, 5, 59, 25, 47, 48]","[array([58], dtype=int64), array([35], dtype=int64), array([70], dtype=int64), array([18], dtype=int64), array([60], dtype=int64), array([40], dtype=int64), array([40], dtype=int64), array([38], dtype=int64), array([66], dtype=int64), array([37], dtype=int64), array([63], dtype=int64), array([41], dtype=int64), array([33], dtype=int64), array([35], dtype=int64), array([62], dtype=int64), array([32], dtype=int64), array([54], dtype=int64), array([54], dtype=int64), array([34], dtype=int64), array([34], dtype=int64), array([40], dtype=int64), array([30], dtype=int64), array([33], dtype=int64), array([40], dtype=int64), array([21], dtype=int64), array([29], dtype=int64), array([30], dtype=int64), array([27], dtype=int64), array([5], dtype=int64), array([25], dtype=int64), array([9], dtype=int64), array([24], dtype=int64), array([22], dtype=int64), array([0], dtype=int64), array([9], dtype=int64), array([14], dtype=int64), array([42], dtype=int64), array([43], dtype=int64), array([34], dtype=int64), array([19], dtype=int64), array([18], dtype=int64), array([28], dtype=int64), array([30], dtype=int64), array([21], dtype=int64), array([22], dtype=int64), array([22], dtype=int64), array([24], dtype=int64), array([2], dtype=int64), array([12], dtype=int64), array([1], dtype=int64), array([0], dtype=int64), array([57], dtype=int64), array([24], dtype=int64), array([0], dtype=int64), array([41], dtype=int64), array([0], dtype=int64), array([37], dtype=int64), array([3], dtype=int64), array([0], dtype=int64)]","[92.03438568115234, 68.68636322021484, 29.000715255737305, 56.99745178222656, 70.70809173583984, 59.193389892578125, 45.794315338134766, 44.02960205078125, 43.02091598510742, 58.39728546142578, 60.527854919433594, 39.4464225769043, 40.744571685791016, 37.735504150390625, 57.60299301147461, 35.226375579833984, 50.152549743652344, 30.67500877380371, 26.579587936401367, 24.451433181762695, 19.99283790588379, 17.85091209411621, 27.080175399780273, 25.851741790771484, 25.200035095214844, 28.4814510345459, 31.127574920654297, 29.31341552734375, 31.46523094177246, 29.991275787353516, 29.458786010742188, 29.11735725402832, 22.612567901611328, 23.28314208984375, 21.243425369262695, 17.01834487915039, 16.999717712402344, 15.601810455322266, 39.3289794921875, 36.8484992980957, 33.371925354003906, 29.865873336791992, 25.845056533813477, 23.122472763061523, 19.83487319946289, 19.888784408569336, 16.343544006347656, 20.279645919799805, 17.349720001220703, 5.392582893371582, 7.483100891113281, 56.096832275390625, 40.61457443237305, 3.551795721054077, 43.14004898071289, -0.12962430715560913, 43.41329574584961, 0.43840694427490234, 6.24492073059082]"
26,[47],"[11, 9, 53, 29, 16, 49, 5, 10, 14, 17, 0, 22, 2, 3, 18, 32, 21, 6, 24, 13, 19, 20, 1, 12, 30, 27, 26, 34, 50, 28, 38, 37, 33, 7, 52, 51, 31, 46, 56, 58, 23, 40, 41, 39, 36, 35, 43, 42, 54, 44, 55, 45, 57, 15, 8, 4, 59, 25, 48]","[array([58], dtype=int64), array([70], dtype=int64), array([40], dtype=int64), array([22], dtype=int64), array([60], dtype=int64), array([54], dtype=int64), array([41], dtype=int64), array([66], dtype=int64), array([40], dtype=int64), array([33], dtype=int64), array([41], dtype=int64), array([32], dtype=int64), array([40], dtype=int64), array([35], dtype=int64), array([38], dtype=int64), array([37], dtype=int64), array([35], dtype=int64), array([63], dtype=int64), array([34], dtype=int64), array([33], dtype=int64), array([34], dtype=int64), array([30], dtype=int64), array([62], dtype=int64), array([34], dtype=int64), array([29], dtype=int64), array([30], dtype=int64), array([27], dtype=int64), array([9], dtype=int64), array([24], dtype=int64), array([25], dtype=int64), array([21], dtype=int64), array([14], dtype=int64), array([9], dtype=int64), array([54], dtype=int64), array([22], dtype=int64), array([21], dtype=int64), array([40], dtype=int64), array([0], dtype=int64), array([5], dtype=int64), array([0], dtype=int64), array([30], dtype=int64), array([22], dtype=int64), array([12], dtype=int64), array([24], dtype=int64), array([18], dtype=int64), array([18], dtype=int64), array([28], dtype=int64), array([43], dtype=int64), array([19], dtype=int64), array([34], dtype=int64), array([2], dtype=int64), array([1], dtype=int64), array([0], dtype=int64), array([42], dtype=int64), array([57], dtype=int64), array([24], dtype=int64), array([0], dtype=int64), array([37], dtype=int64), array([0], dtype=int64)]","[92.13391876220703, 81.67620086669922, 93.99969482421875, 90.99996185302734, 67.33753967285156, 71.76106262207031, 59.34785079956055, 59.710723876953125, 64.5167465209961, 66.04721069335938, 58.46409606933594, 58.37015914916992, 55.214073181152344, 46.22139358520508, 42.14197540283203, 56.582801818847656, 36.351253509521484, 58.78077697753906, 35.35322952270508, 40.065040588378906, 31.339445114135742, 32.50255584716797, 41.181785583496094, 23.964824676513672, 29.146339416503906, 26.72281265258789, 27.946060180664062, 34.41804504394531, 28.357881546020508, 27.783946990966797, 22.973918914794922, 21.563840866088867, 23.05769157409668, 45.141876220703125, 28.8757266998291, 26.580480575561523, 19.51309585571289, 21.823623657226562, 20.251148223876953, 15.279515266418457, 15.076942443847656, 9.36227798461914, 16.339080810546875, 18.10466766357422, 20.594982147216797, 15.359437942504883, 11.451041221618652, 12.969958305358887, 36.151676177978516, 39.86067199707031, 13.61233901977539, 8.813465118408203, 5.821615695953369, 38.59295654296875, 47.64883804321289, 41.03346252441406, 1.6536134481430054, 41.11101150512695, 6.24492073059082]"
27,[41],"[16, 9, 14, 49, 32, 38, 29, 10, 3, 2, 13, 6, 18, 11, 0, 21, 1, 22, 24, 7, 12, 19, 17, 20, 30, 28, 27, 26, 53, 34, 36, 50, 52, 33, 51, 46, 31, 37, 56, 23, 40, 57, 42, 44, 15, 54, 43, 35, 55, 39, 45, 8, 4, 58, 5, 59, 25, 47, 48]","[array([60], dtype=int64), array([70], dtype=int64), array([40], dtype=int64), array([54], dtype=int64), array([37], dtype=int64), array([21], dtype=int64), array([22], dtype=int64), array([66], dtype=int64), array([35], dtype=int64), array([40], dtype=int64), array([33], dtype=int64), array([63], dtype=int64), array([38], dtype=int64), array([58], dtype=int64), array([41], dtype=int64), array([35], dtype=int64), array([62], dtype=int64), array([32], dtype=int64), array([34], dtype=int64), array([54], dtype=int64), array([34], dtype=int64), array([34], dtype=int64), array([33], dtype=int64), array([30], dtype=int64), array([29], dtype=int64), array([25], dtype=int64), array([30], dtype=int64), array([27], dtype=int64), array([40], dtype=int64), array([9], dtype=int64), array([18], dtype=int64), array([24], dtype=int64), array([22], dtype=int64), array([9], dtype=int64), array([21], dtype=int64), array([0], dtype=int64), array([40], dtype=int64), array([14], dtype=int64), array([5], dtype=int64), array([30], dtype=int64), array([22], dtype=int64), array([0], dtype=int64), array([43], dtype=int64), array([34], dtype=int64), array([42], dtype=int64), array([19], dtype=int64), array([28], dtype=int64), array([18], dtype=int64), array([2], dtype=int64), array([24], dtype=int64), array([1], dtype=int64), array([57], dtype=int64), array([24], dtype=int64), array([0], dtype=int64), array([41], dtype=int64), array([0], dtype=int64), array([37], dtype=int64), array([3], dtype=int64), array([0], dtype=int64)]","[93.06023406982422, 82.13385772705078, 81.41683197021484, 98.99995422363281, 98.99986267089844, 61.27920913696289, 98.9999008178711, 38.86602783203125, 53.191925048828125, 48.866737365722656, 42.516929626464844, 67.73831176757812, 50.07499313354492, 64.92339324951172, 42.474876403808594, 37.571353912353516, 42.86577606201172, 37.60586929321289, 33.56025695800781, 45.855838775634766, 30.433748245239258, 26.438905715942383, 27.60097885131836, 30.57576560974121, 22.77503776550293, 29.90418243408203, 28.44362449645996, 30.0245418548584, 25.3107967376709, 33.990928649902344, 25.38755226135254, 30.799583435058594, 26.252384185791016, 26.24593734741211, 22.053457260131836, 21.13250160217285, 22.943321228027344, 23.009672164916992, 18.553997039794922, 12.423677444458008, 16.59328269958496, 17.101375579833984, 15.143614768981934, 40.93907165527344, 40.29549026489258, 34.98195266723633, 32.589927673339844, 31.41216278076172, 16.959550857543945, 19.318347930908203, 8.084990501403809, 56.096832275390625, 40.61457443237305, 3.551795721054077, 43.14004898071289, -0.12962430715560913, 43.41329574584961, 0.43840694427490234, 6.24492073059082]"
28,[7],"[11, 3, 29, 9, 16, 14, 0, 49, 10, 32, 18, 2, 6, 21, 13, 22, 1, 24, 19, 20, 17, 37, 12, 30, 26, 27, 28, 56, 53, 34, 50, 38, 36, 52, 33, 31, 46, 15, 42, 44, 54, 35, 43, 23, 51, 40, 39, 55, 41, 45, 57, 8, 4, 58, 5, 59, 25, 47, 48]","[array([58], dtype=int64), array([35], dtype=int64), array([22], dtype=int64), array([70], dtype=int64), array([60], dtype=int64), array([40], dtype=int64), array([41], dtype=int64), array([54], dtype=int64), array([66], dtype=int64), array([37], dtype=int64), array([38], dtype=int64), array([40], dtype=int64), array([63], dtype=int64), array([35], dtype=int64), array([33], dtype=int64), array([32], dtype=int64), array([62], dtype=int64), array([34], dtype=int64), array([34], dtype=int64), array([30], dtype=int64), array([33], dtype=int64), array([14], dtype=int64), array([34], dtype=int64), array([29], dtype=int64), array([27], dtype=int64), array([30], dtype=int64), array([25], dtype=int64), array([5], dtype=int64), array([40], dtype=int64), array([9], dtype=int64), array([24], dtype=int64), array([21], dtype=int64), array([18], dtype=int64), array([22], dtype=int64), array([9], dtype=int64), array([40], dtype=int64), array([0], dtype=int64), array([42], dtype=int64), array([43], dtype=int64), array([34], dtype=int64), array([19], dtype=int64), array([18], dtype=int64), array([28], dtype=int64), array([30], dtype=int64), array([21], dtype=int64), array([22], dtype=int64), array([24], dtype=int64), array([2], dtype=int64), array([12], dtype=int64), array([1], dtype=int64), array([0], dtype=int64), array([57], dtype=int64), array([24], dtype=int64), array([0], dtype=int64), array([41], dtype=int64), array([0], dtype=int64), array([37], dtype=int64), array([3], dtype=int64), array([0], dtype=int64)]","[92.20729064941406, 63.667686462402344, 90.99983215332031, 55.60201644897461, 69.49542999267578, 63.76457214355469, 48.932403564453125, 47.306732177734375, 52.77513885498047, 53.205387115478516, 49.10710906982422, 51.764034271240234, 57.94239044189453, 36.56988525390625, 36.58325958251953, 36.41341018676758, 39.62188720703125, 33.171424865722656, 28.474462509155273, 25.873783111572266, 29.698270797729492, 30.484163284301758, 26.275747299194336, 23.889881134033203, 23.746458053588867, 28.26913070678711, 28.84364891052246, 21.964035034179688, 24.716283798217773, 30.607418060302734, 32.65837478637695, 29.177873611450195, 27.34162712097168, 23.00912857055664, 27.196706771850586, 22.50844955444336, 20.895414352416992, 19.953670501708984, 12.324576377868652, 40.71235275268555, 35.28450012207031, 34.088951110839844, 28.869970321655273, 25.347206115722656, 20.485811233520508, 19.888784408569336, 16.343544006347656, 20.279645919799805, 17.349720001220703, 5.392582893371582, 7.483100891113281, 56.096832275390625, 40.61457443237305, 3.551795721054077, 43.14004898071289, -0.12962430715560913, 43.41329574584961, 0.43840694427490234, 6.24492073059082]"
29,[35],"[11, 3, 16, 9, 10, 2, 14, 32, 18, 13, 6, 0, 21, 22, 24, 1, 49, 7, 19, 12, 38, 20, 30, 17, 27, 28, 26, 51, 37, 33, 53, 36, 31, 52, 46, 34, 23, 56, 29, 45, 58, 50, 40, 39, 41, 15, 42, 44, 54, 43, 55, 57, 8, 4, 5, 59, 25, 47, 48]","[array([58], dtype=int64), array([35], dtype=int64), array([60], dtype=int64), array([70], dtype=int64), array([66], dtype=int64), array([40], dtype=int64), array([40], dtype=int64), array([37], dtype=int64), array([38], dtype=int64), array([33], dtype=int64), array([63], dtype=int64), array([41], dtype=int64), array([35], dtype=int64), array([32], dtype=int64), array([34], dtype=int64), array([62], dtype=int64), array([54], dtype=int64), array([54], dtype=int64), array([34], dtype=int64), array([34], dtype=int64), array([21], dtype=int64), array([30], dtype=int64), array([29], dtype=int64), array([33], dtype=int64), array([30], dtype=int64), array([25], dtype=int64), array([27], dtype=int64), array([21], dtype=int64), array([14], dtype=int64), array([9], dtype=int64), array([40], dtype=int64), array([18], dtype=int64), array([40], dtype=int64), array([22], dtype=int64), array([0], dtype=int64), array([9], dtype=int64), array([30], dtype=int64), array([5], dtype=int64), array([22], dtype=int64), array([1], dtype=int64), array([0], dtype=int64), array([24], dtype=int64), array([22], dtype=int64), array([24], dtype=int64), array([12], dtype=int64), array([42], dtype=int64), array([43], dtype=int64), array([34], dtype=int64), array([19], dtype=int64), array([28], dtype=int64), array([2], dtype=int64), array([0], dtype=int64), array([57], dtype=int64), array([24], dtype=int64), array([41], dtype=int64), array([0], dtype=int64), array([37], dtype=int64), array([3], dtype=int64), array([0], dtype=int64)]","[92.06946563720703, 68.98165130615234, 63.690086364746094, 57.20304489135742, 60.926326751708984, 62.6357536315918, 64.36182403564453, 62.32423400878906, 49.631988525390625, 41.15184020996094, 63.34132385253906, 37.440269470214844, 37.41946029663086, 36.20319747924805, 34.36134338378906, 48.028167724609375, 36.59724044799805, 50.70109176635742, 27.789976119995117, 31.3791446685791, 24.449277877807617, 28.145856857299805, 24.326549530029297, 27.848587036132812, 25.547969818115234, 29.449399948120117, 29.346120834350586, 26.32459831237793, 24.95314598083496, 22.209470748901367, 22.22775650024414, 31.926719665527344, 20.459840774536133, 27.467147827148438, 26.778125762939453, 24.242794036865234, 19.136350631713867, 23.701576232910156, 22.96619415283203, 18.970672607421875, 21.30739402770996, 19.547243118286133, 13.214147567749023, 14.242584228515625, 16.26506805419922, 14.123446464538574, 43.537353515625, 41.24235916137695, 35.14330291748047, 26.866073608398438, 17.756250381469727, 3.6002156734466553, 54.7349853515625, 42.87795639038086, 43.14004898071289, -0.12962430715560913, 43.41329574584961, 0.43840694427490234, 6.24492073059082]"
30,[34],"[11, 9, 29, 10, 3, 16, 14, 2, 32, 18, 6, 49, 21, 0, 22, 13, 1, 24, 12, 7, 19, 17, 20, 38, 30, 26, 27, 37, 28, 51, 53, 50, 36, 52, 46, 56, 33, 31, 23, 40, 39, 45, 35, 8, 41, 15, 42, 54, 43, 44, 57, 58, 55, 4, 5, 59, 25, 47, 48]","[array([58], dtype=int64), array([70], dtype=int64), array([22], dtype=int64), array([66], dtype=int64), array([35], dtype=int64), array([60], dtype=int64), array([40], dtype=int64), array([40], dtype=int64), array([37], dtype=int64), array([38], dtype=int64), array([63], dtype=int64), array([54], dtype=int64), array([35], dtype=int64), array([41], dtype=int64), array([32], dtype=int64), array([33], dtype=int64), array([62], dtype=int64), array([34], dtype=int64), array([34], dtype=int64), array([54], dtype=int64), array([34], dtype=int64), array([33], dtype=int64), array([30], dtype=int64), array([21], dtype=int64), array([29], dtype=int64), array([27], dtype=int64), array([30], dtype=int64), array([14], dtype=int64), array([25], dtype=int64), array([21], dtype=int64), array([40], dtype=int64), array([24], dtype=int64), array([18], dtype=int64), array([22], dtype=int64), array([0], dtype=int64), array([5], dtype=int64), array([9], dtype=int64), array([40], dtype=int64), array([30], dtype=int64), array([22], dtype=int64), array([24], dtype=int64), array([1], dtype=int64), array([18], dtype=int64), array([57], dtype=int64), array([12], dtype=int64), array([42], dtype=int64), array([43], dtype=int64), array([19], dtype=int64), array([28], dtype=int64), array([34], dtype=int64), array([0], dtype=int64), array([0], dtype=int64), array([2], dtype=int64), array([24], dtype=int64), array([41], dtype=int64), array([0], dtype=int64), array([37], dtype=int64), array([3], dtype=int64), array([0], dtype=int64)]","[92.03141784667969, 86.74481201171875, 91.00016784667969, 99.0001220703125, 97.9998550415039, 65.78254699707031, 65.7301025390625, 57.533573150634766, 61.428436279296875, 48.369873046875, 62.641544342041016, 37.69720458984375, 37.80453872680664, 49.38178634643555, 35.7088623046875, 42.072959899902344, 37.763389587402344, 34.33530044555664, 31.902616500854492, 51.89141082763672, 21.804372787475586, 22.745534896850586, 22.305156707763672, 23.245380401611328, 25.745197296142578, 23.84109878540039, 27.079172134399414, 29.791242599487305, 29.268692016601562, 28.394588470458984, 21.495508193969727, 31.838455200195312, 27.496017456054688, 26.995105743408203, 19.899436950683594, 25.638376235961914, 26.896778106689453, 23.672866821289062, 14.788372039794922, 17.17368507385254, 15.211064338684082, 18.09376335144043, 17.655704498291016, 61.93875503540039, 15.968600273132324, 16.810617446899414, 8.503473281860352, 35.64678192138672, 31.21434211730957, 35.61238479614258, 5.684863567352295, 1.5956032276153564, 17.237548828125, 42.87795639038086, 43.14004898071289, -0.12962430715560913, 43.41329574584961, 0.43840694427490234, 6.24492073059082]"
31,[0],"[16, 9, 29, 10, 14, 32, 2, 18, 6, 3, 11, 21, 13, 22, 24, 1, 49, 7, 19, 20, 17, 37, 12, 30, 26, 27, 28, 56, 53, 34, 50, 38, 36, 52, 33, 31, 46, 15, 42, 44, 54, 35, 43, 23, 51, 40, 39, 55, 41, 45, 57, 8, 4, 58, 5, 59, 25, 47, 48]","[array([60], dtype=int64), array([70], dtype=int64), array([22], dtype=int64), array([66], dtype=int64), array([40], dtype=int64), array([37], dtype=int64), array([40], dtype=int64), array([38], dtype=int64), array([63], dtype=int64), array([35], dtype=int64), array([58], dtype=int64), array([35], dtype=int64), array([33], dtype=int64), array([32], dtype=int64), array([34], dtype=int64), array([62], dtype=int64), array([54], dtype=int64), array([54], dtype=int64), array([34], dtype=int64), array([30], dtype=int64), array([33], dtype=int64), array([14], dtype=int64), array([34], dtype=int64), array([29], dtype=int64), array([27], dtype=int64), array([30], dtype=int64), array([25], dtype=int64), array([5], dtype=int64), array([40], dtype=int64), array([9], dtype=int64), array([24], dtype=int64), array([21], dtype=int64), array([18], dtype=int64), array([22], dtype=int64), array([9], dtype=int64), array([40], dtype=int64), array([0], dtype=int64), array([42], dtype=int64), array([43], dtype=int64), array([34], dtype=int64), array([19], dtype=int64), array([18], dtype=int64), array([28], dtype=int64), array([30], dtype=int64), array([21], dtype=int64), array([22], dtype=int64), array([24], dtype=int64), array([2], dtype=int64), array([12], dtype=int64), array([1], dtype=int64), array([0], dtype=int64), array([57], dtype=int64), array([24], dtype=int64), array([0], dtype=int64), array([41], dtype=int64), array([0], dtype=int64), array([37], dtype=int64), array([3], dtype=int64), array([0], dtype=int64)]","[88.82217407226562, 67.70394897460938, 91.00021362304688, 65.58080291748047, 67.40279388427734, 63.11044692993164, 48.1488037109375, 50.76385498046875, 64.75453186035156, 43.18953323364258, 63.03023147583008, 43.4366340637207, 39.29910659790039, 36.19857406616211, 34.033592224121094, 59.468814849853516, 36.063232421875, 51.46306228637695, 28.474462509155273, 25.873783111572266, 29.698270797729492, 30.484163284301758, 26.275747299194336, 23.889881134033203, 23.746458053588867, 28.26913070678711, 28.84364891052246, 21.964035034179688, 24.716283798217773, 30.607418060302734, 32.65837478637695, 29.177873611450195, 27.34162712097168, 23.00912857055664, 27.196706771850586, 22.50844955444336, 20.895414352416992, 19.953670501708984, 12.324576377868652, 40.71235275268555, 35.28450012207031, 34.088951110839844, 28.869970321655273, 25.347206115722656, 20.485811233520508, 19.888784408569336, 16.343544006347656, 20.279645919799805, 17.349720001220703, 5.392582893371582, 7.483100891113281, 56.096832275390625, 40.61457443237305, 3.551795721054077, 43.14004898071289, -0.12962430715560913, 43.41329574584961, 0.43840694427490234, 6.24492073059082]"
32,[4],"[16, 9, 14, 29, 10, 2, 32, 21, 6, 3, 11, 0, 22, 18, 13, 24, 49, 1, 19, 20, 17, 12, 51, 53, 36, 27, 30, 28, 34, 50, 26, 38, 52, 33, 46, 31, 57, 56, 37, 23, 40, 42, 7, 44, 54, 43, 35, 41, 45, 39, 55, 15, 58, 8, 5, 59, 25, 47, 48]","[array([60], dtype=int64), array([70], dtype=int64), array([40], dtype=int64), array([22], dtype=int64), array([66], dtype=int64), array([40], dtype=int64), array([37], dtype=int64), array([35], dtype=int64), array([63], dtype=int64), array([35], dtype=int64), array([58], dtype=int64), array([41], dtype=int64), array([32], dtype=int64), array([38], dtype=int64), array([33], dtype=int64), array([34], dtype=int64), array([54], dtype=int64), array([62], dtype=int64), array([34], dtype=int64), array([30], dtype=int64), array([33], dtype=int64), array([34], dtype=int64), array([21], dtype=int64), array([40], dtype=int64), array([18], dtype=int64), array([30], dtype=int64), array([29], dtype=int64), array([25], dtype=int64), array([9], dtype=int64), array([24], dtype=int64), array([27], dtype=int64), array([21], dtype=int64), array([22], dtype=int64), array([9], dtype=int64), array([0], dtype=int64), array([40], dtype=int64), array([0], dtype=int64), array([5], dtype=int64), array([14], dtype=int64), array([30], dtype=int64), array([22], dtype=int64), array([43], dtype=int64), array([54], dtype=int64), array([34], dtype=int64), array([19], dtype=int64), array([28], dtype=int64), array([18], dtype=int64), array([12], dtype=int64), array([1], dtype=int64), array([24], dtype=int64), array([2], dtype=int64), array([42], dtype=int64), array([0], dtype=int64), array([57], dtype=int64), array([41], dtype=int64), array([0], dtype=int64), array([37], dtype=int64), array([3], dtype=int64), array([0], dtype=int64)]","[92.60767364501953, 68.32514953613281, 57.696434020996094, 98.99980926513672, 63.06131362915039, 63.50786209106445, 55.841064453125, 97.99993133544922, 64.84266662597656, 53.53569030761719, 65.77401733398438, 38.59538650512695, 37.62138748168945, 37.54147720336914, 37.326019287109375, 35.23284149169922, 37.63981246948242, 44.61628341674805, 28.27100372314453, 31.306398391723633, 27.84511375427246, 26.546924591064453, 24.566604614257812, 26.292903900146484, 27.0421085357666, 32.097434997558594, 30.528236389160156, 28.695127487182617, 30.958740234375, 31.85286521911621, 30.439754486083984, 23.92080307006836, 28.308927536010742, 33.82414627075195, 22.433265686035156, 23.621740341186523, 18.171663284301758, 22.859954833984375, 23.012962341308594, 16.746749877929688, 16.12025260925293, 18.608421325683594, 49.262882232666016, 39.638877868652344, 35.835960388183594, 32.1134147644043, 30.423503875732422, 21.898632049560547, 20.261032104492188, 16.187602996826172, 11.467447280883789, 43.61598587036133, 1.7543948888778687, 57.39015579223633, 43.14004898071289, -0.12962430715560913, 43.41329574584961, 0.43840694427490234, 6.24492073059082]"
33,[36],"[16, 9, 14, 49, 29, 2, 0, 10, 32, 18, 3, 6, 11, 13, 21, 22, 1, 24, 7, 19, 12, 20, 17, 30, 28, 53, 38, 52, 26, 27, 34, 50, 33, 51, 46, 56, 37, 31, 23, 40, 39, 45, 35, 8, 41, 15, 42, 54, 43, 44, 57, 58, 55, 4, 5, 59, 25, 47, 48]","[array([60], dtype=int64), array([70], dtype=int64), array([40], dtype=int64), array([54], dtype=int64), array([22], dtype=int64), array([40], dtype=int64), array([41], dtype=int64), array([66], dtype=int64), array([37], dtype=int64), array([38], dtype=int64), array([35], dtype=int64), array([63], dtype=int64), array([58], dtype=int64), array([33], dtype=int64), array([35], dtype=int64), array([32], dtype=int64), array([62], dtype=int64), array([34], dtype=int64), array([54], dtype=int64), array([34], dtype=int64), array([34], dtype=int64), array([30], dtype=int64), array([33], dtype=int64), array([29], dtype=int64), array([25], dtype=int64), array([40], dtype=int64), array([21], dtype=int64), array([22], dtype=int64), array([27], dtype=int64), array([30], dtype=int64), array([9], dtype=int64), array([24], dtype=int64), array([9], dtype=int64), array([21], dtype=int64), array([0], dtype=int64), array([5], dtype=int64), array([14], dtype=int64), array([40], dtype=int64), array([30], dtype=int64), array([22], dtype=int64), array([24], dtype=int64), array([1], dtype=int64), array([18], dtype=int64), array([57], dtype=int64), array([12], dtype=int64), array([42], dtype=int64), array([43], dtype=int64), array([19], dtype=int64), array([28], dtype=int64), array([34], dtype=int64), array([0], dtype=int64), array([0], dtype=int64), array([2], dtype=int64), array([24], dtype=int64), array([41], dtype=int64), array([0], dtype=int64), array([37], dtype=int64), array([3], dtype=int64), array([0], dtype=int64)]","[93.26213073730469, 81.55823516845703, 81.11407470703125, 98.99998474121094, 98.99984741210938, 48.0494499206543, 47.46339797973633, 47.619346618652344, 59.98023986816406, 50.81687545776367, 44.68852233886719, 59.66352844238281, 67.00189971923828, 39.79562759399414, 39.14102554321289, 35.766963958740234, 44.81483840942383, 33.53807067871094, 53.13701248168945, 27.224632263183594, 27.811206817626953, 26.799352645874023, 27.166645050048828, 26.403921127319336, 29.59103012084961, 26.978038787841797, 30.504913330078125, 31.98054313659668, 27.46672821044922, 27.517183303833008, 29.616527557373047, 30.35511016845703, 22.34498405456543, 20.27255630493164, 22.072689056396484, 22.562108993530273, 21.03238296508789, 23.672866821289062, 14.788372039794922, 17.17368507385254, 15.211064338684082, 18.09376335144043, 17.655704498291016, 61.93875503540039, 15.968600273132324, 16.810617446899414, 8.503473281860352, 35.64678192138672, 31.21434211730957, 35.61238479614258, 5.684863567352295, 1.5956032276153564, 17.237548828125, 42.87795639038086, 43.14004898071289, -0.12962430715560913, 43.41329574584961, 0.43840694427490234, 6.24492073059082]"
34,[33],"[11, 9, 29, 10, 3, 14, 16, 2, 32, 18, 6, 13, 0, 21, 22, 49, 1, 24, 12, 7, 19, 38, 17, 20, 30, 37, 53, 52, 36, 26, 28, 51, 50, 31, 46, 27, 56, 34, 23, 40, 39, 45, 35, 8, 41, 15, 42, 54, 43, 44, 57, 58, 55, 4, 5, 59, 25, 47, 48]","[array([58], dtype=int64), array([70], dtype=int64), array([22], dtype=int64), array([66], dtype=int64), array([35], dtype=int64), array([40], dtype=int64), array([60], dtype=int64), array([40], dtype=int64), array([37], dtype=int64), array([38], dtype=int64), array([63], dtype=int64), array([33], dtype=int64), array([41], dtype=int64), array([35], dtype=int64), array([32], dtype=int64), array([54], dtype=int64), array([62], dtype=int64), array([34], dtype=int64), array([34], dtype=int64), array([54], dtype=int64), array([34], dtype=int64), array([21], dtype=int64), array([33], dtype=int64), array([30], dtype=int64), array([29], dtype=int64), array([14], dtype=int64), array([40], dtype=int64), array([22], dtype=int64), array([18], dtype=int64), array([27], dtype=int64), array([25], dtype=int64), array([21], dtype=int64), array([24], dtype=int64), array([40], dtype=int64), array([0], dtype=int64), array([30], dtype=int64), array([5], dtype=int64), array([9], dtype=int64), array([30], dtype=int64), array([22], dtype=int64), array([24], dtype=int64), array([1], dtype=int64), array([18], dtype=int64), array([57], dtype=int64), array([12], dtype=int64), array([42], dtype=int64), array([43], dtype=int64), array([19], dtype=int64), array([28], dtype=int64), array([34], dtype=int64), array([0], dtype=int64), array([0], dtype=int64), array([2], dtype=int64), array([24], dtype=int64), array([41], dtype=int64), array([0], dtype=int64), array([37], dtype=int64), array([3], dtype=int64), array([0], dtype=int64)]","[92.09681701660156, 80.85289764404297, 90.9998779296875, 98.99994659423828, 97.9996337890625, 67.89583587646484, 65.2403335571289, 55.6883430480957, 62.63932800292969, 49.10628890991211, 61.338077545166016, 37.64162063598633, 37.8021240234375, 41.68696975708008, 34.780208587646484, 33.623008728027344, 45.45388412475586, 33.75599670410156, 28.06244659423828, 44.897422790527344, 27.128141403198242, 18.570585250854492, 23.84872055053711, 22.50403594970703, 24.028112411499023, 24.674036026000977, 23.215456008911133, 31.904356002807617, 27.218032836914062, 28.266305923461914, 25.236896514892578, 22.675216674804688, 19.79644203186035, 20.1790771484375, 21.762548446655273, 24.531604766845703, 24.32143211364746, 21.191377639770508, 14.788372039794922, 17.17368507385254, 15.211064338684082, 18.09376335144043, 17.655704498291016, 61.93875503540039, 15.968600273132324, 16.810617446899414, 8.503473281860352, 35.64678192138672, 31.21434211730957, 35.61238479614258, 5.684863567352295, 1.5956032276153564, 17.237548828125, 42.87795639038086, 43.14004898071289, -0.12962430715560913, 43.41329574584961, 0.43840694427490234, 6.24492073059082]"
35,[35],"[11, 3, 16, 9, 10, 2, 14, 32, 18, 13, 6, 0, 21, 22, 24, 1, 49, 7, 19, 12, 38, 20, 30, 17, 27, 28, 26, 51, 37, 33, 53, 36, 31, 52, 46, 34, 23, 56, 29, 45, 58, 50, 40, 39, 41, 15, 42, 44, 54, 43, 55, 57, 8, 4, 5, 59, 25, 47, 48]","[array([58], dtype=int64), array([35], dtype=int64), array([60], dtype=int64), array([70], dtype=int64), array([66], dtype=int64), array([40], dtype=int64), array([40], dtype=int64), array([37], dtype=int64), array([38], dtype=int64), array([33], dtype=int64), array([63], dtype=int64), array([41], dtype=int64), array([35], dtype=int64), array([32], dtype=int64), array([34], dtype=int64), array([62], dtype=int64), array([54], dtype=int64), array([54], dtype=int64), array([34], dtype=int64), array([34], dtype=int64), array([21], dtype=int64), array([30], dtype=int64), array([29], dtype=int64), array([33], dtype=int64), array([30], dtype=int64), array([25], dtype=int64), array([27], dtype=int64), array([21], dtype=int64), array([14], dtype=int64), array([9], dtype=int64), array([40], dtype=int64), array([18], dtype=int64), array([40], dtype=int64), array([22], dtype=int64), array([0], dtype=int64), array([9], dtype=int64), array([30], dtype=int64), array([5], dtype=int64), array([22], dtype=int64), array([1], dtype=int64), array([0], dtype=int64), array([24], dtype=int64), array([22], dtype=int64), array([24], dtype=int64), array([12], dtype=int64), array([42], dtype=int64), array([43], dtype=int64), array([34], dtype=int64), array([19], dtype=int64), array([28], dtype=int64), array([2], dtype=int64), array([0], dtype=int64), array([57], dtype=int64), array([24], dtype=int64), array([41], dtype=int64), array([0], dtype=int64), array([37], dtype=int64), array([3], dtype=int64), array([0], dtype=int64)]","[92.06946563720703, 68.98165130615234, 63.690086364746094, 57.20304489135742, 60.926326751708984, 62.6357536315918, 64.36182403564453, 62.32423400878906, 49.631988525390625, 41.15184020996094, 63.34132385253906, 37.440269470214844, 37.41946029663086, 36.20319747924805, 34.36134338378906, 48.028167724609375, 36.59724044799805, 50.70109176635742, 27.789976119995117, 31.3791446685791, 24.449277877807617, 28.145856857299805, 24.326549530029297, 27.848587036132812, 25.547969818115234, 29.449399948120117, 29.346120834350586, 26.32459831237793, 24.95314598083496, 22.209470748901367, 22.22775650024414, 31.926719665527344, 20.459840774536133, 27.467147827148438, 26.778125762939453, 24.242794036865234, 19.136350631713867, 23.701576232910156, 22.96619415283203, 18.970672607421875, 21.30739402770996, 19.547243118286133, 13.214147567749023, 14.242584228515625, 16.26506805419922, 14.123446464538574, 43.537353515625, 41.24235916137695, 35.14330291748047, 26.866073608398438, 17.756250381469727, 3.6002156734466553, 54.7349853515625, 42.87795639038086, 43.14004898071289, -0.12962430715560913, 43.41329574584961, 0.43840694427490234, 6.24492073059082]"
36,[21],"[16, 9, 14, 36, 0, 6, 10, 2, 32, 11, 3, 13, 18, 22, 49, 24, 1, 7, 19, 12, 31, 20, 17, 53, 38, 30, 27, 26, 56, 28, 34, 50, 52, 46, 33, 37, 15, 42, 44, 54, 35, 43, 23, 51, 29, 40, 39, 55, 41, 45, 57, 8, 4, 58, 5, 59, 25, 47, 48]","[array([60], dtype=int64), array([70], dtype=int64), array([40], dtype=int64), array([18], dtype=int64), array([41], dtype=int64), array([63], dtype=int64), array([66], dtype=int64), array([40], dtype=int64), array([37], dtype=int64), array([58], dtype=int64), array([35], dtype=int64), array([33], dtype=int64), array([38], dtype=int64), array([32], dtype=int64), array([54], dtype=int64), array([34], dtype=int64), array([62], dtype=int64), array([54], dtype=int64), array([34], dtype=int64), array([34], dtype=int64), array([40], dtype=int64), array([30], dtype=int64), array([33], dtype=int64), array([40], dtype=int64), array([21], dtype=int64), array([29], dtype=int64), array([30], dtype=int64), array([27], dtype=int64), array([5], dtype=int64), array([25], dtype=int64), array([9], dtype=int64), array([24], dtype=int64), array([22], dtype=int64), array([0], dtype=int64), array([9], dtype=int64), array([14], dtype=int64), array([42], dtype=int64), array([43], dtype=int64), array([34], dtype=int64), array([19], dtype=int64), array([18], dtype=int64), array([28], dtype=int64), array([30], dtype=int64), array([21], dtype=int64), array([22], dtype=int64), array([22], dtype=int64), array([24], dtype=int64), array([2], dtype=int64), array([12], dtype=int64), array([1], dtype=int64), array([0], dtype=int64), array([57], dtype=int64), array([24], dtype=int64), array([0], dtype=int64), array([41], dtype=int64), array([0], dtype=int64), array([37], dtype=int64), array([3], dtype=int64), array([0], dtype=int64)]","[92.98470306396484, 83.48279571533203, 58.48017883300781, 56.997314453125, 63.084407806396484, 59.50554275512695, 48.19600296020508, 58.05514144897461, 60.65382385253906, 64.16326904296875, 43.175880432128906, 40.34731674194336, 37.505794525146484, 35.27043914794922, 34.706871032714844, 36.269798278808594, 58.192569732666016, 51.42521286010742, 26.579587936401367, 24.451433181762695, 19.99283790588379, 17.85091209411621, 27.080175399780273, 25.851741790771484, 25.200035095214844, 28.4814510345459, 31.127574920654297, 29.31341552734375, 31.46523094177246, 29.991275787353516, 29.458786010742188, 29.11735725402832, 22.612567901611328, 23.28314208984375, 21.243425369262695, 17.01834487915039, 16.999717712402344, 15.601810455322266, 39.3289794921875, 36.8484992980957, 33.371925354003906, 29.865873336791992, 25.845056533813477, 23.122472763061523, 19.83487319946289, 19.888784408569336, 16.343544006347656, 20.279645919799805, 17.349720001220703, 5.392582893371582, 7.483100891113281, 56.096832275390625, 40.61457443237305, 3.551795721054077, 43.14004898071289, -0.12962430715560913, 43.41329574584961, 0.43840694427490234, 6.24492073059082]"
37,[43],"[11, 9, 53, 3, 49, 32, 16, 34, 29, 10, 14, 2, 18, 0, 6, 21, 1, 13, 22, 24, 38, 7, 50, 41, 12, 52, 19, 37, 17, 44, 42, 20, 36, 51, 56, 57, 30, 26, 27, 28, 33, 31, 15, 54, 35, 23, 40, 39, 55, 45, 8, 46, 4, 58, 5, 59, 25, 47, 48]","[array([58], dtype=int64), array([70], dtype=int64), array([40], dtype=int64), array([35], dtype=int64), array([54], dtype=int64), array([37], dtype=int64), array([60], dtype=int64), array([9], dtype=int64), array([22], dtype=int64), array([66], dtype=int64), array([40], dtype=int64), array([40], dtype=int64), array([38], dtype=int64), array([41], dtype=int64), array([63], dtype=int64), array([35], dtype=int64), array([62], dtype=int64), array([33], dtype=int64), array([32], dtype=int64), array([34], dtype=int64), array([21], dtype=int64), array([54], dtype=int64), array([24], dtype=int64), array([12], dtype=int64), array([34], dtype=int64), array([22], dtype=int64), array([34], dtype=int64), array([14], dtype=int64), array([33], dtype=int64), array([34], dtype=int64), array([43], dtype=int64), array([30], dtype=int64), array([18], dtype=int64), array([21], dtype=int64), array([5], dtype=int64), array([0], dtype=int64), array([29], dtype=int64), array([27], dtype=int64), array([30], dtype=int64), array([25], dtype=int64), array([9], dtype=int64), array([40], dtype=int64), array([42], dtype=int64), array([19], dtype=int64), array([18], dtype=int64), array([30], dtype=int64), array([22], dtype=int64), array([24], dtype=int64), array([2], dtype=int64), array([1], dtype=int64), array([57], dtype=int64), array([0], dtype=int64), array([24], dtype=int64), array([0], dtype=int64), array([41], dtype=int64), array([0], dtype=int64), array([37], dtype=int64), array([3], dtype=int64), array([0], dtype=int64)]","[92.1406021118164, 76.19116973876953, 94.00003814697266, 74.00011444091797, 99.00029754638672, 99.00005340576172, 91.0, 90.99992370605469, 98.99957275390625, 49.44602584838867, 63.741943359375, 53.5022087097168, 47.85350799560547, 41.79301071166992, 61.284847259521484, 37.36600112915039, 43.0235710144043, 34.863643646240234, 35.09832000732422, 35.49686050415039, 31.69997215270996, 51.78961181640625, 28.82306671142578, 29.496782302856445, 27.211633682250977, 27.21178436279297, 28.911470413208008, 30.002300262451172, 31.620479583740234, 27.756467819213867, 29.79082489013672, 31.782989501953125, 28.64846420288086, 27.811092376708984, 21.554140090942383, 33.0699462890625, 24.053409576416016, 27.917831420898438, 31.713544845581055, 36.06949234008789, 31.052244186401367, 21.91575813293457, 41.435081481933594, 34.371089935302734, 30.42374038696289, 25.943342208862305, 20.9540958404541, 16.71996307373047, 15.341022491455078, 10.001832962036133, 56.09794235229492, 4.642634391784668, 40.61457443237305, 3.551795721054077, 43.14004898071289, -0.12962430715560913, 43.41329574584961, 0.43840694427490234, 6.24492073059082]"
38,[40],"[16, 9, 29, 14, 0, 10, 2, 18, 32, 6, 11, 3, 49, 13, 21, 1, 22, 24, 19, 20, 7, 38, 30, 26, 17, 27, 28, 12, 51, 33, 23, 34, 35, 37, 45, 31, 39, 56, 53, 8, 41, 52, 50, 46, 36, 15, 42, 54, 43, 44, 57, 58, 55, 4, 5, 59, 25, 47, 48]","[array([60], dtype=int64), array([70], dtype=int64), array([22], dtype=int64), array([40], dtype=int64), array([41], dtype=int64), array([66], dtype=int64), array([40], dtype=int64), array([38], dtype=int64), array([37], dtype=int64), array([63], dtype=int64), array([58], dtype=int64), array([35], dtype=int64), array([54], dtype=int64), array([33], dtype=int64), array([35], dtype=int64), array([62], dtype=int64), array([32], dtype=int64), array([34], dtype=int64), array([34], dtype=int64), array([30], dtype=int64), array([54], dtype=int64), array([21], dtype=int64), array([29], dtype=int64), array([27], dtype=int64), array([33], dtype=int64), array([30], dtype=int64), array([25], dtype=int64), array([34], dtype=int64), array([21], dtype=int64), array([9], dtype=int64), array([30], dtype=int64), array([9], dtype=int64), array([18], dtype=int64), array([14], dtype=int64), array([1], dtype=int64), array([40], dtype=int64), array([24], dtype=int64), array([5], dtype=int64), array([40], dtype=int64), array([57], dtype=int64), array([12], dtype=int64), array([22], dtype=int64), array([24], dtype=int64), array([0], dtype=int64), array([18], dtype=int64), array([42], dtype=int64), array([43], dtype=int64), array([19], dtype=int64), array([28], dtype=int64), array([34], dtype=int64), array([0], dtype=int64), array([0], dtype=int64), array([2], dtype=int64), array([24], dtype=int64), array([41], dtype=int64), array([0], dtype=int64), array([37], dtype=int64), array([3], dtype=int64), array([0], dtype=int64)]","[92.97264099121094, 80.32587432861328, 90.9998779296875, 60.437808990478516, 62.17397689819336, 46.23975372314453, 53.15545654296875, 49.07526397705078, 53.23334503173828, 65.14946746826172, 63.825469970703125, 45.963077545166016, 37.78841781616211, 38.66385269165039, 37.16042709350586, 51.052337646484375, 34.70354080200195, 32.835628509521484, 27.42449188232422, 28.635662078857422, 47.50019836425781, 28.26698875427246, 33.30466079711914, 28.64010238647461, 27.51136016845703, 28.96307945251465, 29.33856201171875, 29.988126754760742, 28.515920639038086, 25.978330612182617, 23.756990432739258, 24.56635093688965, 24.2646484375, 24.32321548461914, 22.89422035217285, 24.953693389892578, 14.5802640914917, 21.081653594970703, 18.690879821777344, 60.30501937866211, 14.605786323547363, 24.501035690307617, 20.11311149597168, 17.0277156829834, 24.596406936645508, 16.810617446899414, 8.503473281860352, 35.64678192138672, 31.21434211730957, 35.61238479614258, 5.684863567352295, 1.5956032276153564, 17.237548828125, 42.87795639038086, 43.14004898071289, -0.12962430715560913, 43.41329574584961, 0.43840694427490234, 6.24492073059082]"
39,[13],"[11, 3, 9, 34, 53, 10, 0, 16, 14, 2, 18, 32, 6, 21, 49, 29, 22, 1, 24, 7, 36, 38, 37, 17, 19, 50, 12, 52, 20, 33, 30, 26, 46, 28, 27, 56, 31, 15, 42, 44, 54, 35, 43, 23, 51, 40, 39, 55, 41, 45, 57, 8, 4, 58, 5, 59, 25, 47, 48]","[array([58], dtype=int64), array([35], dtype=int64), array([70], dtype=int64), array([9], dtype=int64), array([40], dtype=int64), array([66], dtype=int64), array([41], dtype=int64), array([60], dtype=int64), array([40], dtype=int64), array([40], dtype=int64), array([38], dtype=int64), array([37], dtype=int64), array([63], dtype=int64), array([35], dtype=int64), array([54], dtype=int64), array([22], dtype=int64), array([32], dtype=int64), array([62], dtype=int64), array([34], dtype=int64), array([54], dtype=int64), array([18], dtype=int64), array([21], dtype=int64), array([14], dtype=int64), array([33], dtype=int64), array([34], dtype=int64), array([24], dtype=int64), array([34], dtype=int64), array([22], dtype=int64), array([30], dtype=int64), array([9], dtype=int64), array([29], dtype=int64), array([27], dtype=int64), array([0], dtype=int64), array([25], dtype=int64), array([30], dtype=int64), array([5], dtype=int64), array([40], dtype=int64), array([42], dtype=int64), array([43], dtype=int64), array([34], dtype=int64), array([19], dtype=int64), array([18], dtype=int64), array([28], dtype=int64), array([30], dtype=int64), array([21], dtype=int64), array([22], dtype=int64), array([24], dtype=int64), array([2], dtype=int64), array([12], dtype=int64), array([1], dtype=int64), array([0], dtype=int64), array([57], dtype=int64), array([24], dtype=int64), array([0], dtype=int64), array([41], dtype=int64), array([0], dtype=int64), array([37], dtype=int64), array([3], dtype=int64), array([0], dtype=int64)]","[90.06526184082031, 62.566368103027344, 29.000490188598633, 91.00017547607422, 93.99958801269531, 98.9992446899414, 98.99718475341797, 65.19017028808594, 65.60769653320312, 53.579708099365234, 48.30632400512695, 54.412479400634766, 57.848838806152344, 38.125282287597656, 33.55348587036133, 91.00031280517578, 33.68573760986328, 37.89645767211914, 36.44336700439453, 53.030128479003906, 31.126136779785156, 34.53219223022461, 29.86498260498047, 34.68641662597656, 31.788864135742188, 34.03921890258789, 28.051280975341797, 23.687952041625977, 26.697877883911133, 23.86557388305664, 27.17767906188965, 27.44476318359375, 21.341796875, 27.72857666015625, 23.817567825317383, 22.4696044921875, 21.937772750854492, 19.953670501708984, 12.324576377868652, 40.71235275268555, 35.28450012207031, 34.088951110839844, 28.869970321655273, 25.347206115722656, 20.485811233520508, 19.888784408569336, 16.343544006347656, 20.279645919799805, 17.349720001220703, 5.392582893371582, 7.483100891113281, 56.096832275390625, 40.61457443237305, 3.551795721054077, 43.14004898071289, -0.12962430715560913, 43.41329574584961, 0.43840694427490234, 6.24492073059082]"
40,[29],"[11, 9, 36, 10, 3, 16, 14, 2, 18, 32, 6, 13, 21, 0, 22, 24, 1, 49, 7, 19, 12, 20, 17, 30, 28, 53, 38, 52, 26, 27, 34, 50, 33, 51, 46, 56, 37, 31, 23, 40, 39, 45, 35, 8, 41, 15, 42, 54, 43, 44, 57, 58, 55, 4, 5, 59, 25, 47, 48]","[array([58], dtype=int64), array([70], dtype=int64), array([18], dtype=int64), array([66], dtype=int64), array([35], dtype=int64), array([60], dtype=int64), array([40], dtype=int64), array([40], dtype=int64), array([38], dtype=int64), array([37], dtype=int64), array([63], dtype=int64), array([33], dtype=int64), array([35], dtype=int64), array([41], dtype=int64), array([32], dtype=int64), array([34], dtype=int64), array([62], dtype=int64), array([54], dtype=int64), array([54], dtype=int64), array([34], dtype=int64), array([34], dtype=int64), array([30], dtype=int64), array([33], dtype=int64), array([29], dtype=int64), array([25], dtype=int64), array([40], dtype=int64), array([21], dtype=int64), array([22], dtype=int64), array([27], dtype=int64), array([30], dtype=int64), array([9], dtype=int64), array([24], dtype=int64), array([9], dtype=int64), array([21], dtype=int64), array([0], dtype=int64), array([5], dtype=int64), array([14], dtype=int64), array([40], dtype=int64), array([30], dtype=int64), array([22], dtype=int64), array([24], dtype=int64), array([1], dtype=int64), array([18], dtype=int64), array([57], dtype=int64), array([12], dtype=int64), array([42], dtype=int64), array([43], dtype=int64), array([19], dtype=int64), array([28], dtype=int64), array([34], dtype=int64), array([0], dtype=int64), array([0], dtype=int64), array([2], dtype=int64), array([24], dtype=int64), array([41], dtype=int64), array([0], dtype=int64), array([37], dtype=int64), array([3], dtype=int64), array([0], dtype=int64)]","[92.16072082519531, 81.86572265625, 56.996578216552734, 98.99984741210938, 98.00004577636719, 65.2801742553711, 65.61588287353516, 62.28977584838867, 49.587547302246094, 50.51215744018555, 61.78146743774414, 36.821197509765625, 37.99354553222656, 37.36761474609375, 34.9729118347168, 33.27523422241211, 44.41859436035156, 37.25545120239258, 53.13701248168945, 27.224632263183594, 27.811206817626953, 26.799352645874023, 27.166645050048828, 26.403921127319336, 29.59103012084961, 26.978038787841797, 30.504913330078125, 31.98054313659668, 27.46672821044922, 27.517183303833008, 29.616527557373047, 30.35511016845703, 22.34498405456543, 20.27255630493164, 22.072689056396484, 22.562108993530273, 21.03238296508789, 23.672866821289062, 14.788372039794922, 17.17368507385254, 15.211064338684082, 18.09376335144043, 17.655704498291016, 61.93875503540039, 15.968600273132324, 16.810617446899414, 8.503473281860352, 35.64678192138672, 31.21434211730957, 35.61238479614258, 5.684863567352295, 1.5956032276153564, 17.237548828125, 42.87795639038086, 43.14004898071289, -0.12962430715560913, 43.41329574584961, 0.43840694427490234, 6.24492073059082]"
41,[24],"[11, 3, 9, 36, 16, 14, 2, 18, 10, 32, 6, 0, 13, 21, 1, 22, 7, 49, 19, 12, 31, 20, 17, 53, 38, 30, 27, 26, 56, 28, 34, 50, 52, 46, 33, 37, 15, 42, 44, 54, 35, 43, 23, 51, 29, 40, 39, 55, 41, 45, 57, 8, 4, 58, 5, 59, 25, 47, 48]","[array([58], dtype=int64), array([35], dtype=int64), array([70], dtype=int64), array([18], dtype=int64), array([60], dtype=int64), array([40], dtype=int64), array([40], dtype=int64), array([38], dtype=int64), array([66], dtype=int64), array([37], dtype=int64), array([63], dtype=int64), array([41], dtype=int64), array([33], dtype=int64), array([35], dtype=int64), array([62], dtype=int64), array([32], dtype=int64), array([54], dtype=int64), array([54], dtype=int64), array([34], dtype=int64), array([34], dtype=int64), array([40], dtype=int64), array([30], dtype=int64), array([33], dtype=int64), array([40], dtype=int64), array([21], dtype=int64), array([29], dtype=int64), array([30], dtype=int64), array([27], dtype=int64), array([5], dtype=int64), array([25], dtype=int64), array([9], dtype=int64), array([24], dtype=int64), array([22], dtype=int64), array([0], dtype=int64), array([9], dtype=int64), array([14], dtype=int64), array([42], dtype=int64), array([43], dtype=int64), array([34], dtype=int64), array([19], dtype=int64), array([18], dtype=int64), array([28], dtype=int64), array([30], dtype=int64), array([21], dtype=int64), array([22], dtype=int64), array([22], dtype=int64), array([24], dtype=int64), array([2], dtype=int64), array([12], dtype=int64), array([1], dtype=int64), array([0], dtype=int64), array([57], dtype=int64), array([24], dtype=int64), array([0], dtype=int64), array([41], dtype=int64), array([0], dtype=int64), array([37], dtype=int64), array([3], dtype=int64), array([0], dtype=int64)]","[92.03438568115234, 68.68636322021484, 29.000715255737305, 56.99745178222656, 70.70809173583984, 59.193389892578125, 45.794315338134766, 44.02960205078125, 43.02091598510742, 58.39728546142578, 60.527854919433594, 39.4464225769043, 40.744571685791016, 37.735504150390625, 57.60299301147461, 35.226375579833984, 50.152549743652344, 30.67500877380371, 26.579587936401367, 24.451433181762695, 19.99283790588379, 17.85091209411621, 27.080175399780273, 25.851741790771484, 25.200035095214844, 28.4814510345459, 31.127574920654297, 29.31341552734375, 31.46523094177246, 29.991275787353516, 29.458786010742188, 29.11735725402832, 22.612567901611328, 23.28314208984375, 21.243425369262695, 17.01834487915039, 16.999717712402344, 15.601810455322266, 39.3289794921875, 36.8484992980957, 33.371925354003906, 29.865873336791992, 25.845056533813477, 23.122472763061523, 19.83487319946289, 19.888784408569336, 16.343544006347656, 20.279645919799805, 17.349720001220703, 5.392582893371582, 7.483100891113281, 56.096832275390625, 40.61457443237305, 3.551795721054077, 43.14004898071289, -0.12962430715560913, 43.41329574584961, 0.43840694427490234, 6.24492073059082]"
42,[40],"[16, 9, 29, 14, 0, 10, 2, 18, 32, 6, 11, 3, 49, 13, 21, 1, 22, 24, 19, 20, 7, 38, 30, 26, 17, 27, 28, 12, 51, 33, 23, 34, 35, 37, 45, 31, 39, 56, 53, 8, 41, 52, 50, 46, 36, 15, 42, 54, 43, 44, 57, 58, 55, 4, 5, 59, 25, 47, 48]","[array([60], dtype=int64), array([70], dtype=int64), array([22], dtype=int64), array([40], dtype=int64), array([41], dtype=int64), array([66], dtype=int64), array([40], dtype=int64), array([38], dtype=int64), array([37], dtype=int64), array([63], dtype=int64), array([58], dtype=int64), array([35], dtype=int64), array([54], dtype=int64), array([33], dtype=int64), array([35], dtype=int64), array([62], dtype=int64), array([32], dtype=int64), array([34], dtype=int64), array([34], dtype=int64), array([30], dtype=int64), array([54], dtype=int64), array([21], dtype=int64), array([29], dtype=int64), array([27], dtype=int64), array([33], dtype=int64), array([30], dtype=int64), array([25], dtype=int64), array([34], dtype=int64), array([21], dtype=int64), array([9], dtype=int64), array([30], dtype=int64), array([9], dtype=int64), array([18], dtype=int64), array([14], dtype=int64), array([1], dtype=int64), array([40], dtype=int64), array([24], dtype=int64), array([5], dtype=int64), array([40], dtype=int64), array([57], dtype=int64), array([12], dtype=int64), array([22], dtype=int64), array([24], dtype=int64), array([0], dtype=int64), array([18], dtype=int64), array([42], dtype=int64), array([43], dtype=int64), array([19], dtype=int64), array([28], dtype=int64), array([34], dtype=int64), array([0], dtype=int64), array([0], dtype=int64), array([2], dtype=int64), array([24], dtype=int64), array([41], dtype=int64), array([0], dtype=int64), array([37], dtype=int64), array([3], dtype=int64), array([0], dtype=int64)]","[92.97264099121094, 80.32587432861328, 90.9998779296875, 60.437808990478516, 62.17397689819336, 46.23975372314453, 53.15545654296875, 49.07526397705078, 53.23334503173828, 65.14946746826172, 63.825469970703125, 45.963077545166016, 37.78841781616211, 38.66385269165039, 37.16042709350586, 51.052337646484375, 34.70354080200195, 32.835628509521484, 27.42449188232422, 28.635662078857422, 47.50019836425781, 28.26698875427246, 33.30466079711914, 28.64010238647461, 27.51136016845703, 28.96307945251465, 29.33856201171875, 29.988126754760742, 28.515920639038086, 25.978330612182617, 23.756990432739258, 24.56635093688965, 24.2646484375, 24.32321548461914, 22.89422035217285, 24.953693389892578, 14.5802640914917, 21.081653594970703, 18.690879821777344, 60.30501937866211, 14.605786323547363, 24.501035690307617, 20.11311149597168, 17.0277156829834, 24.596406936645508, 16.810617446899414, 8.503473281860352, 35.64678192138672, 31.21434211730957, 35.61238479614258, 5.684863567352295, 1.5956032276153564, 17.237548828125, 42.87795639038086, 43.14004898071289, -0.12962430715560913, 43.41329574584961, 0.43840694427490234, 6.24492073059082]"
43,[2],"[14, 3, 8, 36, 9, 16, 18, 10, 32, 6, 0, 21, 13, 22, 24, 11, 1, 49, 12, 20, 19, 17, 34, 38, 37, 23, 30, 27, 28, 26, 51, 45, 56, 29, 53, 33, 31, 52, 46, 39, 40, 41, 35, 50, 7, 15, 42, 54, 43, 44, 57, 58, 55, 4, 5, 59, 25, 47, 48]","[array([40], dtype=int64), array([35], dtype=int64), array([57], dtype=int64), array([18], dtype=int64), array([70], dtype=int64), array([60], dtype=int64), array([38], dtype=int64), array([66], dtype=int64), array([37], dtype=int64), array([63], dtype=int64), array([41], dtype=int64), array([35], dtype=int64), array([33], dtype=int64), array([32], dtype=int64), array([34], dtype=int64), array([58], dtype=int64), array([62], dtype=int64), array([54], dtype=int64), array([34], dtype=int64), array([30], dtype=int64), array([34], dtype=int64), array([33], dtype=int64), array([9], dtype=int64), array([21], dtype=int64), array([14], dtype=int64), array([30], dtype=int64), array([29], dtype=int64), array([30], dtype=int64), array([25], dtype=int64), array([27], dtype=int64), array([21], dtype=int64), array([1], dtype=int64), array([5], dtype=int64), array([22], dtype=int64), array([40], dtype=int64), array([9], dtype=int64), array([40], dtype=int64), array([22], dtype=int64), array([0], dtype=int64), array([24], dtype=int64), array([22], dtype=int64), array([12], dtype=int64), array([18], dtype=int64), array([24], dtype=int64), array([54], dtype=int64), array([42], dtype=int64), array([43], dtype=int64), array([19], dtype=int64), array([28], dtype=int64), array([34], dtype=int64), array([0], dtype=int64), array([0], dtype=int64), array([2], dtype=int64), array([24], dtype=int64), array([41], dtype=int64), array([0], dtype=int64), array([37], dtype=int64), array([3], dtype=int64), array([0], dtype=int64)]","[84.3903579711914, 61.08005142211914, 43.227447509765625, 56.99966049194336, 53.47759246826172, 66.18224334716797, 47.601749420166016, 62.241783142089844, 56.62619400024414, 65.33277893066406, 39.86320877075195, 42.53424835205078, 38.865570068359375, 36.77687072753906, 34.10264587402344, 64.30085754394531, 52.59878158569336, 32.1276969909668, 28.71014976501465, 23.14737319946289, 29.469039916992188, 29.679819107055664, 23.984418869018555, 23.046201705932617, 24.120960235595703, 23.193862915039062, 24.767658233642578, 27.004831314086914, 27.32708168029785, 26.53888511657715, 27.013315200805664, 22.048595428466797, 23.723529815673828, 23.812320709228516, 18.66669273376465, 25.158679962158203, 20.596874237060547, 28.731334686279297, 23.43814468383789, 9.5469331741333, 21.222301483154297, 15.475837707519531, 11.831282615661621, 17.05807876586914, 49.71692657470703, 16.810617446899414, 8.503473281860352, 35.64678192138672, 31.21434211730957, 35.61238479614258, 5.684863567352295, 1.5956032276153564, 17.237548828125, 42.87795639038086, 43.14004898071289, -0.12962430715560913, 43.41329574584961, 0.43840694427490234, 6.24492073059082]"
44,[26],"[16, 9, 14, 29, 3, 49, 2, 13, 0, 18, 32, 10, 6, 21, 11, 22, 1, 24, 19, 12, 37, 7, 17, 20, 30, 27, 28, 56, 53, 34, 50, 38, 36, 52, 33, 31, 46, 15, 42, 44, 54, 35, 43, 23, 51, 40, 39, 55, 41, 45, 57, 8, 4, 58, 5, 59, 25, 47, 48]","[array([60], dtype=int64), array([70], dtype=int64), array([40], dtype=int64), array([22], dtype=int64), array([35], dtype=int64), array([54], dtype=int64), array([40], dtype=int64), array([33], dtype=int64), array([41], dtype=int64), array([38], dtype=int64), array([37], dtype=int64), array([66], dtype=int64), array([63], dtype=int64), array([35], dtype=int64), array([58], dtype=int64), array([32], dtype=int64), array([62], dtype=int64), array([34], dtype=int64), array([34], dtype=int64), array([34], dtype=int64), array([14], dtype=int64), array([54], dtype=int64), array([33], dtype=int64), array([30], dtype=int64), array([29], dtype=int64), array([30], dtype=int64), array([25], dtype=int64), array([5], dtype=int64), array([40], dtype=int64), array([9], dtype=int64), array([24], dtype=int64), array([21], dtype=int64), array([18], dtype=int64), array([22], dtype=int64), array([9], dtype=int64), array([40], dtype=int64), array([0], dtype=int64), array([42], dtype=int64), array([43], dtype=int64), array([34], dtype=int64), array([19], dtype=int64), array([18], dtype=int64), array([28], dtype=int64), array([30], dtype=int64), array([21], dtype=int64), array([22], dtype=int64), array([24], dtype=int64), array([2], dtype=int64), array([12], dtype=int64), array([1], dtype=int64), array([0], dtype=int64), array([57], dtype=int64), array([24], dtype=int64), array([0], dtype=int64), array([41], dtype=int64), array([0], dtype=int64), array([37], dtype=int64), array([3], dtype=int64), array([0], dtype=int64)]","[92.87950897216797, 83.34248352050781, 81.26004028320312, 91.00154876708984, 58.30519485473633, 52.50708770751953, 49.1645622253418, 45.288429260253906, 45.455650329589844, 41.47800827026367, 56.19559860229492, 40.5911865234375, 55.31159591674805, 41.107276916503906, 66.20226287841797, 36.77286911010742, 52.18168258666992, 34.16626739501953, 30.181499481201172, 30.647327423095703, 30.288217544555664, 48.25078201293945, 28.558069229125977, 28.942852020263672, 29.70087242126465, 28.26913070678711, 28.84364891052246, 21.964035034179688, 24.716283798217773, 30.607418060302734, 32.65837478637695, 29.177873611450195, 27.34162712097168, 23.00912857055664, 27.196706771850586, 22.50844955444336, 20.895414352416992, 19.953670501708984, 12.324576377868652, 40.71235275268555, 35.28450012207031, 34.088951110839844, 28.869970321655273, 25.347206115722656, 20.485811233520508, 19.888784408569336, 16.343544006347656, 20.279645919799805, 17.349720001220703, 5.392582893371582, 7.483100891113281, 56.096832275390625, 40.61457443237305, 3.551795721054077, 43.14004898071289, -0.12962430715560913, 43.41329574584961, 0.43840694427490234, 6.24492073059082]"
45,[17],"[16, 9, 14, 32, 10, 0, 29, 6, 18, 11, 2, 3, 22, 1, 21, 49, 24, 13, 19, 20, 30, 7, 38, 37, 12, 26, 28, 27, 23, 51, 40, 34, 44, 42, 45, 43, 50, 33, 56, 31, 15, 54, 35, 53, 39, 46, 55, 41, 8, 52, 36, 57, 4, 58, 5, 59, 25, 47, 48]","[array([60], dtype=int64), array([70], dtype=int64), array([40], dtype=int64), array([37], dtype=int64), array([66], dtype=int64), array([41], dtype=int64), array([22], dtype=int64), array([63], dtype=int64), array([38], dtype=int64), array([58], dtype=int64), array([40], dtype=int64), array([35], dtype=int64), array([32], dtype=int64), array([62], dtype=int64), array([35], dtype=int64), array([54], dtype=int64), array([34], dtype=int64), array([33], dtype=int64), array([34], dtype=int64), array([30], dtype=int64), array([29], dtype=int64), array([54], dtype=int64), array([21], dtype=int64), array([14], dtype=int64), array([34], dtype=int64), array([27], dtype=int64), array([25], dtype=int64), array([30], dtype=int64), array([30], dtype=int64), array([21], dtype=int64), array([22], dtype=int64), array([9], dtype=int64), array([34], dtype=int64), array([43], dtype=int64), array([1], dtype=int64), array([28], dtype=int64), array([24], dtype=int64), array([9], dtype=int64), array([5], dtype=int64), array([40], dtype=int64), array([42], dtype=int64), array([19], dtype=int64), array([18], dtype=int64), array([40], dtype=int64), array([24], dtype=int64), array([0], dtype=int64), array([2], dtype=int64), array([12], dtype=int64), array([57], dtype=int64), array([22], dtype=int64), array([18], dtype=int64), array([0], dtype=int64), array([24], dtype=int64), array([0], dtype=int64), array([41], dtype=int64), array([0], dtype=int64), array([37], dtype=int64), array([3], dtype=int64), array([0], dtype=int64)]","[92.29176330566406, 75.7564468383789, 60.07027816772461, 98.99991607666016, 98.99857330322266, 98.997802734375, 70.99989318847656, 68.0715560913086, 51.34507751464844, 63.260337829589844, 46.65296173095703, 43.18849182128906, 37.82337188720703, 48.2100830078125, 35.40848922729492, 36.923439025878906, 36.924720764160156, 39.43325424194336, 32.36594772338867, 31.421968460083008, 29.703468322753906, 47.225677490234375, 30.710208892822266, 29.02117347717285, 25.798948287963867, 28.762144088745117, 24.090423583984375, 26.72879981994629, 25.985088348388672, 24.89399528503418, 25.684476852416992, 27.707263946533203, 23.403398513793945, 31.271451950073242, 29.106117248535156, 31.89885902404785, 25.3807373046875, 20.40212631225586, 25.109098434448242, 39.78388977050781, 39.93427658081055, 34.484657287597656, 30.733444213867188, 18.86812973022461, 16.109176635742188, 31.01808738708496, 16.71356201171875, 14.33132266998291, 56.89991760253906, 7.20609188079834, 12.196276664733887, 3.424431085586548, 40.61457443237305, 3.551795721054077, 43.14004898071289, -0.12962430715560913, 43.41329574584961, 0.43840694427490234, 6.24492073059082]"
46,[56],"[11, 3, 29, 10, 12, 16, 9, 14, 2, 18, 32, 6, 13, 22, 0, 49, 21, 1, 24, 7, 19, 20, 17, 31, 53, 34, 50, 38, 30, 27, 28, 26, 52, 36, 46, 33, 37, 15, 42, 44, 54, 35, 43, 23, 51, 40, 39, 55, 41, 45, 57, 8, 4, 58, 5, 59, 25, 47, 48]","[array([58], dtype=int64), array([35], dtype=int64), array([22], dtype=int64), array([66], dtype=int64), array([34], dtype=int64), array([60], dtype=int64), array([70], dtype=int64), array([40], dtype=int64), array([40], dtype=int64), array([38], dtype=int64), array([37], dtype=int64), array([63], dtype=int64), array([33], dtype=int64), array([32], dtype=int64), array([41], dtype=int64), array([54], dtype=int64), array([35], dtype=int64), array([62], dtype=int64), array([34], dtype=int64), array([54], dtype=int64), array([34], dtype=int64), array([30], dtype=int64), array([33], dtype=int64), array([40], dtype=int64), array([40], dtype=int64), array([9], dtype=int64), array([24], dtype=int64), array([21], dtype=int64), array([29], dtype=int64), array([30], dtype=int64), array([25], dtype=int64), array([27], dtype=int64), array([22], dtype=int64), array([18], dtype=int64), array([0], dtype=int64), array([9], dtype=int64), array([14], dtype=int64), array([42], dtype=int64), array([43], dtype=int64), array([34], dtype=int64), array([19], dtype=int64), array([18], dtype=int64), array([28], dtype=int64), array([30], dtype=int64), array([21], dtype=int64), array([22], dtype=int64), array([24], dtype=int64), array([2], dtype=int64), array([12], dtype=int64), array([1], dtype=int64), array([0], dtype=int64), array([57], dtype=int64), array([24], dtype=int64), array([0], dtype=int64), array([41], dtype=int64), array([0], dtype=int64), array([37], dtype=int64), array([3], dtype=int64), array([0], dtype=int64)]","[92.08773803710938, 68.70280456542969, 91.00021362304688, 77.99950408935547, 74.99861907958984, 64.11058807373047, 60.158775329589844, 65.62066650390625, 56.564910888671875, 49.778350830078125, 48.907005310058594, 60.15262985229492, 40.675514221191406, 37.109466552734375, 44.22343063354492, 37.35886001586914, 36.11268997192383, 40.18227005004883, 35.45195007324219, 45.776363372802734, 21.5406551361084, 21.68373680114746, 27.85575294494629, 20.91790199279785, 21.564105987548828, 24.06691551208496, 23.37891387939453, 20.942705154418945, 26.563356399536133, 23.839155197143555, 32.72285842895508, 29.882686614990234, 27.260669708251953, 27.7618465423584, 21.815372467041016, 27.656177520751953, 16.174991607666016, 19.953670501708984, 12.324576377868652, 40.71235275268555, 35.28450012207031, 34.088951110839844, 28.869970321655273, 25.347206115722656, 20.485811233520508, 19.888784408569336, 16.343544006347656, 20.279645919799805, 17.349720001220703, 5.392582893371582, 7.483100891113281, 56.096832275390625, 40.61457443237305, 3.551795721054077, 43.14004898071289, -0.12962430715560913, 43.41329574584961, 0.43840694427490234, 6.24492073059082]"
47,[22],"[11, 3, 9, 29, 36, 16, 2, 10, 14, 32, 18, 13, 6, 0, 21, 24, 1, 49, 7, 19, 12, 20, 17, 30, 28, 53, 38, 52, 26, 27, 34, 50, 33, 51, 46, 56, 37, 31, 23, 40, 39, 45, 35, 8, 41, 15, 42, 54, 43, 44, 57, 58, 55, 4, 5, 59, 25, 47, 48]","[array([58], dtype=int64), array([35], dtype=int64), array([70], dtype=int64), array([22], dtype=int64), array([18], dtype=int64), array([60], dtype=int64), array([40], dtype=int64), array([66], dtype=int64), array([40], dtype=int64), array([37], dtype=int64), array([38], dtype=int64), array([33], dtype=int64), array([63], dtype=int64), array([41], dtype=int64), array([35], dtype=int64), array([34], dtype=int64), array([62], dtype=int64), array([54], dtype=int64), array([54], dtype=int64), array([34], dtype=int64), array([34], dtype=int64), array([30], dtype=int64), array([33], dtype=int64), array([29], dtype=int64), array([25], dtype=int64), array([40], dtype=int64), array([21], dtype=int64), array([22], dtype=int64), array([27], dtype=int64), array([30], dtype=int64), array([9], dtype=int64), array([24], dtype=int64), array([9], dtype=int64), array([21], dtype=int64), array([0], dtype=int64), array([5], dtype=int64), array([14], dtype=int64), array([40], dtype=int64), array([30], dtype=int64), array([22], dtype=int64), array([24], dtype=int64), array([1], dtype=int64), array([18], dtype=int64), array([57], dtype=int64), array([12], dtype=int64), array([42], dtype=int64), array([43], dtype=int64), array([19], dtype=int64), array([28], dtype=int64), array([34], dtype=int64), array([0], dtype=int64), array([0], dtype=int64), array([2], dtype=int64), array([24], dtype=int64), array([41], dtype=int64), array([0], dtype=int64), array([37], dtype=int64), array([3], dtype=int64), array([0], dtype=int64)]","[91.9785385131836, 66.80184936523438, 29.000308990478516, 91.00008392333984, 56.997013092041016, 69.10212707519531, 59.53411865234375, 59.59681701660156, 64.10873413085938, 58.249942779541016, 40.59483337402344, 40.14522171020508, 65.5736312866211, 41.75863265991211, 35.79833221435547, 33.27523422241211, 44.41859436035156, 37.25545120239258, 53.13701248168945, 27.224632263183594, 27.811206817626953, 26.799352645874023, 27.166645050048828, 26.403921127319336, 29.59103012084961, 26.978038787841797, 30.504913330078125, 31.98054313659668, 27.46672821044922, 27.517183303833008, 29.616527557373047, 30.35511016845703, 22.34498405456543, 20.27255630493164, 22.072689056396484, 22.562108993530273, 21.03238296508789, 23.672866821289062, 14.788372039794922, 17.17368507385254, 15.211064338684082, 18.09376335144043, 17.655704498291016, 61.93875503540039, 15.968600273132324, 16.810617446899414, 8.503473281860352, 35.64678192138672, 31.21434211730957, 35.61238479614258, 5.684863567352295, 1.5956032276153564, 17.237548828125, 42.87795639038086, 43.14004898071289, -0.12962430715560913, 43.41329574584961, 0.43840694427490234, 6.24492073059082]"
48,[35],"[11, 3, 16, 9, 10, 2, 14, 32, 18, 13, 6, 0, 21, 22, 24, 1, 49, 7, 19, 12, 38, 20, 30, 17, 27, 28, 26, 51, 37, 33, 53, 36, 31, 52, 46, 34, 23, 56, 29, 45, 58, 50, 40, 39, 41, 15, 42, 44, 54, 43, 55, 57, 8, 4, 5, 59, 25, 47, 48]","[array([58], dtype=int64), array([35], dtype=int64), array([60], dtype=int64), array([70], dtype=int64), array([66], dtype=int64), array([40], dtype=int64), array([40], dtype=int64), array([37], dtype=int64), array([38], dtype=int64), array([33], dtype=int64), array([63], dtype=int64), array([41], dtype=int64), array([35], dtype=int64), array([32], dtype=int64), array([34], dtype=int64), array([62], dtype=int64), array([54], dtype=int64), array([54], dtype=int64), array([34], dtype=int64), array([34], dtype=int64), array([21], dtype=int64), array([30], dtype=int64), array([29], dtype=int64), array([33], dtype=int64), array([30], dtype=int64), array([25], dtype=int64), array([27], dtype=int64), array([21], dtype=int64), array([14], dtype=int64), array([9], dtype=int64), array([40], dtype=int64), array([18], dtype=int64), array([40], dtype=int64), array([22], dtype=int64), array([0], dtype=int64), array([9], dtype=int64), array([30], dtype=int64), array([5], dtype=int64), array([22], dtype=int64), array([1], dtype=int64), array([0], dtype=int64), array([24], dtype=int64), array([22], dtype=int64), array([24], dtype=int64), array([12], dtype=int64), array([42], dtype=int64), array([43], dtype=int64), array([34], dtype=int64), array([19], dtype=int64), array([28], dtype=int64), array([2], dtype=int64), array([0], dtype=int64), array([57], dtype=int64), array([24], dtype=int64), array([41], dtype=int64), array([0], dtype=int64), array([37], dtype=int64), array([3], dtype=int64), array([0], dtype=int64)]","[92.06946563720703, 68.98165130615234, 63.690086364746094, 57.20304489135742, 60.926326751708984, 62.6357536315918, 64.36182403564453, 62.32423400878906, 49.631988525390625, 41.15184020996094, 63.34132385253906, 37.440269470214844, 37.41946029663086, 36.20319747924805, 34.36134338378906, 48.028167724609375, 36.59724044799805, 50.70109176635742, 27.789976119995117, 31.3791446685791, 24.449277877807617, 28.145856857299805, 24.326549530029297, 27.848587036132812, 25.547969818115234, 29.449399948120117, 29.346120834350586, 26.32459831237793, 24.95314598083496, 22.209470748901367, 22.22775650024414, 31.926719665527344, 20.459840774536133, 27.467147827148438, 26.778125762939453, 24.242794036865234, 19.136350631713867, 23.701576232910156, 22.96619415283203, 18.970672607421875, 21.30739402770996, 19.547243118286133, 13.214147567749023, 14.242584228515625, 16.26506805419922, 14.123446464538574, 43.537353515625, 41.24235916137695, 35.14330291748047, 26.866073608398438, 17.756250381469727, 3.6002156734466553, 54.7349853515625, 42.87795639038086, 43.14004898071289, -0.12962430715560913, 43.41329574584961, 0.43840694427490234, 6.24492073059082]"
49,[4],"[16, 9, 14, 29, 10, 2, 32, 21, 6, 3, 11, 0, 22, 18, 13, 24, 49, 1, 19, 20, 17, 12, 51, 53, 36, 27, 30, 28, 34, 50, 26, 38, 52, 33, 46, 31, 57, 56, 37, 23, 40, 42, 7, 44, 54, 43, 35, 41, 45, 39, 55, 15, 58, 8, 5, 59, 25, 47, 48]","[array([60], dtype=int64), array([70], dtype=int64), array([40], dtype=int64), array([22], dtype=int64), array([66], dtype=int64), array([40], dtype=int64), array([37], dtype=int64), array([35], dtype=int64), array([63], dtype=int64), array([35], dtype=int64), array([58], dtype=int64), array([41], dtype=int64), array([32], dtype=int64), array([38], dtype=int64), array([33], dtype=int64), array([34], dtype=int64), array([54], dtype=int64), array([62], dtype=int64), array([34], dtype=int64), array([30], dtype=int64), array([33], dtype=int64), array([34], dtype=int64), array([21], dtype=int64), array([40], dtype=int64), array([18], dtype=int64), array([30], dtype=int64), array([29], dtype=int64), array([25], dtype=int64), array([9], dtype=int64), array([24], dtype=int64), array([27], dtype=int64), array([21], dtype=int64), array([22], dtype=int64), array([9], dtype=int64), array([0], dtype=int64), array([40], dtype=int64), array([0], dtype=int64), array([5], dtype=int64), array([14], dtype=int64), array([30], dtype=int64), array([22], dtype=int64), array([43], dtype=int64), array([54], dtype=int64), array([34], dtype=int64), array([19], dtype=int64), array([28], dtype=int64), array([18], dtype=int64), array([12], dtype=int64), array([1], dtype=int64), array([24], dtype=int64), array([2], dtype=int64), array([42], dtype=int64), array([0], dtype=int64), array([57], dtype=int64), array([41], dtype=int64), array([0], dtype=int64), array([37], dtype=int64), array([3], dtype=int64), array([0], dtype=int64)]","[92.60767364501953, 68.32514953613281, 57.696434020996094, 98.99980926513672, 63.06131362915039, 63.50786209106445, 55.841064453125, 97.99993133544922, 64.84266662597656, 53.53569030761719, 65.77401733398438, 38.59538650512695, 37.62138748168945, 37.54147720336914, 37.326019287109375, 35.23284149169922, 37.63981246948242, 44.61628341674805, 28.27100372314453, 31.306398391723633, 27.84511375427246, 26.546924591064453, 24.566604614257812, 26.292903900146484, 27.0421085357666, 32.097434997558594, 30.528236389160156, 28.695127487182617, 30.958740234375, 31.85286521911621, 30.439754486083984, 23.92080307006836, 28.308927536010742, 33.82414627075195, 22.433265686035156, 23.621740341186523, 18.171663284301758, 22.859954833984375, 23.012962341308594, 16.746749877929688, 16.12025260925293, 18.608421325683594, 49.262882232666016, 39.638877868652344, 35.835960388183594, 32.1134147644043, 30.423503875732422, 21.898632049560547, 20.261032104492188, 16.187602996826172, 11.467447280883789, 43.61598587036133, 1.7543948888778687, 57.39015579223633, 43.14004898071289, -0.12962430715560913, 43.41329574584961, 0.43840694427490234, 6.24492073059082]"
50,[31],"[16, 10, 32, 29, 3, 9, 14, 18, 2, 6, 11, 13, 0, 21, 1, 49, 22, 24, 7, 19, 12, 58, 20, 17, 30, 37, 53, 34, 50, 36, 27, 28, 26, 33, 52, 38, 46, 56, 51, 42, 44, 54, 15, 35, 43, 23, 40, 39, 55, 41, 45, 57, 8, 4, 5, 59, 25, 47, 48]","[array([60], dtype=int64), array([66], dtype=int64), array([37], dtype=int64), array([22], dtype=int64), array([35], dtype=int64), array([70], dtype=int64), array([40], dtype=int64), array([38], dtype=int64), array([40], dtype=int64), array([63], dtype=int64), array([58], dtype=int64), array([33], dtype=int64), array([41], dtype=int64), array([35], dtype=int64), array([62], dtype=int64), array([54], dtype=int64), array([32], dtype=int64), array([34], dtype=int64), array([54], dtype=int64), array([34], dtype=int64), array([34], dtype=int64), array([0], dtype=int64), array([30], dtype=int64), array([33], dtype=int64), array([29], dtype=int64), array([14], dtype=int64), array([40], dtype=int64), array([9], dtype=int64), array([24], dtype=int64), array([18], dtype=int64), array([30], dtype=int64), array([25], dtype=int64), array([27], dtype=int64), array([9], dtype=int64), array([22], dtype=int64), array([21], dtype=int64), array([0], dtype=int64), array([5], dtype=int64), array([21], dtype=int64), array([43], dtype=int64), array([34], dtype=int64), array([19], dtype=int64), array([42], dtype=int64), array([18], dtype=int64), array([28], dtype=int64), array([30], dtype=int64), array([22], dtype=int64), array([24], dtype=int64), array([2], dtype=int64), array([12], dtype=int64), array([1], dtype=int64), array([0], dtype=int64), array([57], dtype=int64), array([24], dtype=int64), array([41], dtype=int64), array([0], dtype=int64), array([37], dtype=int64), array([3], dtype=int64), array([0], dtype=int64)]","[93.65333557128906, 81.03141784667969, 99.00003051757812, 91.00016021728516, 61.50668716430664, 62.358036041259766, 67.67188262939453, 50.4396858215332, 56.845298767089844, 59.063148498535156, 66.30583190917969, 41.070777893066406, 39.57237243652344, 37.360931396484375, 51.8296012878418, 36.15486526489258, 36.96934509277344, 36.08747100830078, 48.622894287109375, 26.614826202392578, 33.20277786254883, 19.058931350708008, 28.944108963012695, 30.15062713623047, 28.071382522583008, 32.0586051940918, 23.408428192138672, 30.2896728515625, 35.39565658569336, 23.761442184448242, 25.008337020874023, 30.4288387298584, 31.387523651123047, 23.789953231811523, 31.411909103393555, 26.292299270629883, 21.625898361206055, 19.3416690826416, 16.337675094604492, 12.881773948669434, 42.35975646972656, 36.07585144042969, 46.092529296875, 32.694095611572266, 29.471548080444336, 23.108802795410156, 19.24901008605957, 17.272014617919922, 18.260347366333008, 15.159357070922852, 6.301981449127197, 3.6002156734466553, 54.7349853515625, 42.87795639038086, 43.14004898071289, -0.12962430715560913, 43.41329574584961, 0.43840694427490234, 6.24492073059082]"
51,[15],"[11, 9, 29, 19, 14, 16, 3, 0, 18, 10, 2, 32, 21, 49, 6, 1, 22, 13, 7, 24, 12, 31, 20, 17, 30, 37, 26, 51, 50, 53, 33, 52, 38, 46, 36, 56, 28, 34, 27, 23, 42, 54, 44, 35, 43, 40, 39, 55, 41, 45, 57, 8, 4, 58, 5, 59, 25, 47, 48]","[array([58], dtype=int64), array([70], dtype=int64), array([22], dtype=int64), array([34], dtype=int64), array([40], dtype=int64), array([60], dtype=int64), array([35], dtype=int64), array([41], dtype=int64), array([38], dtype=int64), array([66], dtype=int64), array([40], dtype=int64), array([37], dtype=int64), array([35], dtype=int64), array([54], dtype=int64), array([63], dtype=int64), array([62], dtype=int64), array([32], dtype=int64), array([33], dtype=int64), array([54], dtype=int64), array([34], dtype=int64), array([34], dtype=int64), array([40], dtype=int64), array([30], dtype=int64), array([33], dtype=int64), array([29], dtype=int64), array([14], dtype=int64), array([27], dtype=int64), array([21], dtype=int64), array([24], dtype=int64), array([40], dtype=int64), array([9], dtype=int64), array([22], dtype=int64), array([21], dtype=int64), array([0], dtype=int64), array([18], dtype=int64), array([5], dtype=int64), array([25], dtype=int64), array([9], dtype=int64), array([30], dtype=int64), array([30], dtype=int64), array([43], dtype=int64), array([19], dtype=int64), array([34], dtype=int64), array([18], dtype=int64), array([28], dtype=int64), array([22], dtype=int64), array([24], dtype=int64), array([2], dtype=int64), array([12], dtype=int64), array([1], dtype=int64), array([0], dtype=int64), array([57], dtype=int64), array([24], dtype=int64), array([0], dtype=int64), array([41], dtype=int64), array([0], dtype=int64), array([37], dtype=int64), array([3], dtype=int64), array([0], dtype=int64)]","[95.4303207397461, 66.69608306884766, 70.99994659423828, 73.37033081054688, 79.99734497070312, 69.746826171875, 60.78696060180664, 57.82151794433594, 50.02552032470703, 46.253726959228516, 56.65091323852539, 59.84211349487305, 43.06752395629883, 45.39101028442383, 63.9681510925293, 43.30307388305664, 37.739219665527344, 39.447593688964844, 53.69361877441406, 33.36147689819336, 30.84504508972168, 20.1173152923584, 27.949674606323242, 29.566619873046875, 27.115989685058594, 29.37517547607422, 26.41887664794922, 24.832542419433594, 21.702043533325195, 23.547800064086914, 27.081798553466797, 31.56050682067871, 29.360546112060547, 22.612308502197266, 26.077465057373047, 24.89654541015625, 28.728675842285156, 22.916034698486328, 23.827489852905273, 17.74347686767578, 15.791349411010742, 38.430946350097656, 41.74859619140625, 32.497013092041016, 27.062360763549805, 19.888784408569336, 16.343544006347656, 20.279645919799805, 17.349720001220703, 5.392582893371582, 7.483100891113281, 56.096832275390625, 40.61457443237305, 3.551795721054077, 43.14004898071289, -0.12962430715560913, 43.41329574584961, 0.43840694427490234, 6.24492073059082]"
52,[17],"[16, 9, 14, 32, 10, 0, 29, 6, 18, 11, 2, 3, 22, 1, 21, 49, 24, 13, 19, 20, 30, 7, 38, 37, 12, 26, 28, 27, 23, 51, 40, 34, 44, 42, 45, 43, 50, 33, 56, 31, 15, 54, 35, 53, 39, 46, 55, 41, 8, 52, 36, 57, 4, 58, 5, 59, 25, 47, 48]","[array([60], dtype=int64), array([70], dtype=int64), array([40], dtype=int64), array([37], dtype=int64), array([66], dtype=int64), array([41], dtype=int64), array([22], dtype=int64), array([63], dtype=int64), array([38], dtype=int64), array([58], dtype=int64), array([40], dtype=int64), array([35], dtype=int64), array([32], dtype=int64), array([62], dtype=int64), array([35], dtype=int64), array([54], dtype=int64), array([34], dtype=int64), array([33], dtype=int64), array([34], dtype=int64), array([30], dtype=int64), array([29], dtype=int64), array([54], dtype=int64), array([21], dtype=int64), array([14], dtype=int64), array([34], dtype=int64), array([27], dtype=int64), array([25], dtype=int64), array([30], dtype=int64), array([30], dtype=int64), array([21], dtype=int64), array([22], dtype=int64), array([9], dtype=int64), array([34], dtype=int64), array([43], dtype=int64), array([1], dtype=int64), array([28], dtype=int64), array([24], dtype=int64), array([9], dtype=int64), array([5], dtype=int64), array([40], dtype=int64), array([42], dtype=int64), array([19], dtype=int64), array([18], dtype=int64), array([40], dtype=int64), array([24], dtype=int64), array([0], dtype=int64), array([2], dtype=int64), array([12], dtype=int64), array([57], dtype=int64), array([22], dtype=int64), array([18], dtype=int64), array([0], dtype=int64), array([24], dtype=int64), array([0], dtype=int64), array([41], dtype=int64), array([0], dtype=int64), array([37], dtype=int64), array([3], dtype=int64), array([0], dtype=int64)]","[92.29176330566406, 75.7564468383789, 60.07027816772461, 98.99991607666016, 98.99857330322266, 98.997802734375, 70.99989318847656, 68.0715560913086, 51.34507751464844, 63.260337829589844, 46.65296173095703, 43.18849182128906, 37.82337188720703, 48.2100830078125, 35.40848922729492, 36.923439025878906, 36.924720764160156, 39.43325424194336, 32.36594772338867, 31.421968460083008, 29.703468322753906, 47.225677490234375, 30.710208892822266, 29.02117347717285, 25.798948287963867, 28.762144088745117, 24.090423583984375, 26.72879981994629, 25.985088348388672, 24.89399528503418, 25.684476852416992, 27.707263946533203, 23.403398513793945, 31.271451950073242, 29.106117248535156, 31.89885902404785, 25.3807373046875, 20.40212631225586, 25.109098434448242, 39.78388977050781, 39.93427658081055, 34.484657287597656, 30.733444213867188, 18.86812973022461, 16.109176635742188, 31.01808738708496, 16.71356201171875, 14.33132266998291, 56.89991760253906, 7.20609188079834, 12.196276664733887, 3.424431085586548, 40.61457443237305, 3.551795721054077, 43.14004898071289, -0.12962430715560913, 43.41329574584961, 0.43840694427490234, 6.24492073059082]"
53,[39],"[16, 9, 14, 32, 10, 3, 27, 2, 18, 6, 11, 22, 21, 0, 13, 49, 24, 1, 20, 7, 37, 17, 19, 26, 30, 35, 28, 12, 53, 33, 38, 36, 52, 56, 29, 50, 8, 46, 51, 23, 40, 31, 41, 34, 42, 58, 44, 54, 43, 55, 45, 15, 57, 4, 5, 59, 25, 47, 48]","[array([60], dtype=int64), array([70], dtype=int64), array([40], dtype=int64), array([37], dtype=int64), array([66], dtype=int64), array([35], dtype=int64), array([30], dtype=int64), array([40], dtype=int64), array([38], dtype=int64), array([63], dtype=int64), array([58], dtype=int64), array([32], dtype=int64), array([35], dtype=int64), array([41], dtype=int64), array([33], dtype=int64), array([54], dtype=int64), array([34], dtype=int64), array([62], dtype=int64), array([30], dtype=int64), array([54], dtype=int64), array([14], dtype=int64), array([33], dtype=int64), array([34], dtype=int64), array([27], dtype=int64), array([29], dtype=int64), array([18], dtype=int64), array([25], dtype=int64), array([34], dtype=int64), array([40], dtype=int64), array([9], dtype=int64), array([21], dtype=int64), array([18], dtype=int64), array([22], dtype=int64), array([5], dtype=int64), array([22], dtype=int64), array([24], dtype=int64), array([57], dtype=int64), array([0], dtype=int64), array([21], dtype=int64), array([30], dtype=int64), array([22], dtype=int64), array([40], dtype=int64), array([12], dtype=int64), array([9], dtype=int64), array([43], dtype=int64), array([0], dtype=int64), array([34], dtype=int64), array([19], dtype=int64), array([28], dtype=int64), array([2], dtype=int64), array([1], dtype=int64), array([42], dtype=int64), array([0], dtype=int64), array([24], dtype=int64), array([41], dtype=int64), array([0], dtype=int64), array([37], dtype=int64), array([3], dtype=int64), array([0], dtype=int64)]","[93.05677032470703, 83.14962768554688, 81.06753540039062, 99.00028228759766, 98.99897003173828, 98.00048065185547, 98.99958801269531, 63.39017105102539, 50.27484893798828, 58.138671875, 64.2441177368164, 37.444671630859375, 38.07841110229492, 39.398216247558594, 42.666053771972656, 35.92640686035156, 33.387027740478516, 51.98705291748047, 30.90131950378418, 46.47089767456055, 30.6701717376709, 29.13318634033203, 29.848581314086914, 30.416492462158203, 33.17815399169922, 29.89633560180664, 27.913040161132812, 26.56748390197754, 25.55048179626465, 26.70844078063965, 38.50517654418945, 31.034696578979492, 27.76917266845703, 28.56057357788086, 29.1971435546875, 20.933284759521484, 59.811058044433594, 20.188154220581055, 18.493505477905273, 23.577421188354492, 21.028621673583984, 20.53200912475586, 15.280001640319824, 28.964038848876953, 12.638236045837402, 14.334317207336426, 37.403160095214844, 37.3162841796875, 28.799604415893555, 15.800918579101562, 8.054804801940918, 49.208580017089844, 3.683746099472046, 42.87795639038086, 43.14004898071289, -0.12962430715560913, 43.41329574584961, 0.43840694427490234, 6.24492073059082]"
54,[58],"[11, 3, 29, 10, 12, 9, 16, 14, 2, 18, 32, 6, 22, 0, 13, 21, 49, 1, 24, 7, 19, 20, 17, 38, 37, 23, 53, 34, 36, 30, 50, 56, 27, 28, 26, 33, 52, 45, 31, 46, 51, 40, 35, 39, 41, 15, 42, 44, 54, 43, 55, 57, 8, 4, 5, 59, 25, 47, 48]","[array([58], dtype=int64), array([35], dtype=int64), array([22], dtype=int64), array([66], dtype=int64), array([34], dtype=int64), array([70], dtype=int64), array([60], dtype=int64), array([40], dtype=int64), array([40], dtype=int64), array([38], dtype=int64), array([37], dtype=int64), array([63], dtype=int64), array([32], dtype=int64), array([41], dtype=int64), array([33], dtype=int64), array([35], dtype=int64), array([54], dtype=int64), array([62], dtype=int64), array([34], dtype=int64), array([54], dtype=int64), array([34], dtype=int64), array([30], dtype=int64), array([33], dtype=int64), array([21], dtype=int64), array([14], dtype=int64), array([30], dtype=int64), array([40], dtype=int64), array([9], dtype=int64), array([18], dtype=int64), array([29], dtype=int64), array([24], dtype=int64), array([5], dtype=int64), array([30], dtype=int64), array([25], dtype=int64), array([27], dtype=int64), array([9], dtype=int64), array([22], dtype=int64), array([1], dtype=int64), array([40], dtype=int64), array([0], dtype=int64), array([21], dtype=int64), array([22], dtype=int64), array([18], dtype=int64), array([24], dtype=int64), array([12], dtype=int64), array([42], dtype=int64), array([43], dtype=int64), array([34], dtype=int64), array([19], dtype=int64), array([28], dtype=int64), array([2], dtype=int64), array([0], dtype=int64), array([57], dtype=int64), array([24], dtype=int64), array([41], dtype=int64), array([0], dtype=int64), array([37], dtype=int64), array([3], dtype=int64), array([0], dtype=int64)]","[92.02519226074219, 68.61573028564453, 91.00015258789062, 77.99840545654297, 74.99903869628906, 66.19270324707031, 62.720558166503906, 64.83454132080078, 56.91207504272461, 49.96946334838867, 55.88336944580078, 63.31770706176758, 37.51028823852539, 38.361289978027344, 42.723384857177734, 36.65265655517578, 33.237998962402344, 47.69569778442383, 32.28424835205078, 44.64493179321289, 20.43663215637207, 18.186113357543945, 26.265729904174805, 27.27863311767578, 28.2069091796875, 23.886070251464844, 22.346466064453125, 27.318363189697266, 28.36768341064453, 24.962127685546875, 27.33736801147461, 30.216796875, 31.087202072143555, 35.54554748535156, 30.34385108947754, 25.539104461669922, 25.700910568237305, 22.209720611572266, 20.105545043945312, 22.314668655395508, 18.996891021728516, 12.905366897583008, 16.37369728088379, 14.242584228515625, 16.26506805419922, 14.123446464538574, 43.537353515625, 41.24235916137695, 35.14330291748047, 26.866073608398438, 17.756250381469727, 3.6002156734466553, 54.7349853515625, 42.87795639038086, 43.14004898071289, -0.12962430715560913, 43.41329574584961, 0.43840694427490234, 6.24492073059082]"
55,[5],"[16, 9, 29, 10, 14, 0, 32, 18, 2, 13, 3, 6, 21, 22, 49, 11, 24, 1, 12, 19, 20, 17, 37, 23, 34, 56, 31, 30, 27, 26, 28, 53, 33, 7, 38, 51, 46, 40, 39, 41, 50, 42, 57, 54, 44, 35, 43, 55, 15, 45, 52, 8, 36, 58, 4, 59, 25, 47, 48]","[array([60], dtype=int64), array([70], dtype=int64), array([22], dtype=int64), array([66], dtype=int64), array([40], dtype=int64), array([41], dtype=int64), array([37], dtype=int64), array([38], dtype=int64), array([40], dtype=int64), array([33], dtype=int64), array([35], dtype=int64), array([63], dtype=int64), array([35], dtype=int64), array([32], dtype=int64), array([54], dtype=int64), array([58], dtype=int64), array([34], dtype=int64), array([62], dtype=int64), array([34], dtype=int64), array([34], dtype=int64), array([30], dtype=int64), array([33], dtype=int64), array([14], dtype=int64), array([30], dtype=int64), array([9], dtype=int64), array([5], dtype=int64), array([40], dtype=int64), array([29], dtype=int64), array([30], dtype=int64), array([27], dtype=int64), array([25], dtype=int64), array([40], dtype=int64), array([9], dtype=int64), array([54], dtype=int64), array([21], dtype=int64), array([21], dtype=int64), array([0], dtype=int64), array([22], dtype=int64), array([24], dtype=int64), array([12], dtype=int64), array([24], dtype=int64), array([43], dtype=int64), array([0], dtype=int64), array([19], dtype=int64), array([34], dtype=int64), array([18], dtype=int64), array([28], dtype=int64), array([2], dtype=int64), array([42], dtype=int64), array([1], dtype=int64), array([22], dtype=int64), array([57], dtype=int64), array([18], dtype=int64), array([0], dtype=int64), array([24], dtype=int64), array([0], dtype=int64), array([37], dtype=int64), array([3], dtype=int64), array([0], dtype=int64)]","[89.1978530883789, 80.89915466308594, 91.00009155273438, 66.30674743652344, 67.37374114990234, 60.83450698852539, 60.70985412597656, 51.630767822265625, 50.06483840942383, 42.41805648803711, 39.32059860229492, 59.63713836669922, 38.20572280883789, 35.621253967285156, 35.20234680175781, 63.13343048095703, 33.44390106201172, 40.27437973022461, 27.413522720336914, 26.01225471496582, 28.235837936401367, 28.492603302001953, 27.590782165527344, 25.26213264465332, 23.73875617980957, 22.657365798950195, 22.411346435546875, 21.28743553161621, 26.711698532104492, 29.08741569519043, 28.756818771362305, 15.194010734558105, 28.25929069519043, 48.318328857421875, 32.69438934326172, 23.661331176757812, 24.11714744567871, 17.917787551879883, 16.98430824279785, 21.626508712768555, 20.829364776611328, 16.544145584106445, 20.368322372436523, 36.26392364501953, 34.44839859008789, 32.65919494628906, 28.641929626464844, 14.76254653930664, 35.720767974853516, 10.295073509216309, 10.168110847473145, 55.47175216674805, 14.461627960205078, 1.701781153678894, 44.660274505615234, -0.12962430715560913, 43.41329574584961, 0.43840694427490234, 6.24492073059082]"
56,[54],"[16, 9, 14, 29, 3, 6, 18, 0, 10, 2, 32, 21, 11, 49, 1, 13, 22, 24, 7, 17, 19, 20, 37, 12, 53, 33, 38, 30, 26, 36, 52, 28, 31, 27, 50, 46, 34, 56, 23, 57, 42, 44, 15, 35, 43, 51, 40, 39, 41, 55, 45, 8, 4, 58, 5, 59, 25, 47, 48]","[array([60], dtype=int64), array([70], dtype=int64), array([40], dtype=int64), array([22], dtype=int64), array([35], dtype=int64), array([63], dtype=int64), array([38], dtype=int64), array([41], dtype=int64), array([66], dtype=int64), array([40], dtype=int64), array([37], dtype=int64), array([35], dtype=int64), array([58], dtype=int64), array([54], dtype=int64), array([62], dtype=int64), array([33], dtype=int64), array([32], dtype=int64), array([34], dtype=int64), array([54], dtype=int64), array([33], dtype=int64), array([34], dtype=int64), array([30], dtype=int64), array([14], dtype=int64), array([34], dtype=int64), array([40], dtype=int64), array([9], dtype=int64), array([21], dtype=int64), array([29], dtype=int64), array([27], dtype=int64), array([18], dtype=int64), array([22], dtype=int64), array([25], dtype=int64), array([40], dtype=int64), array([30], dtype=int64), array([24], dtype=int64), array([0], dtype=int64), array([9], dtype=int64), array([5], dtype=int64), array([30], dtype=int64), array([0], dtype=int64), array([43], dtype=int64), array([34], dtype=int64), array([42], dtype=int64), array([18], dtype=int64), array([28], dtype=int64), array([21], dtype=int64), array([22], dtype=int64), array([24], dtype=int64), array([12], dtype=int64), array([2], dtype=int64), array([1], dtype=int64), array([57], dtype=int64), array([24], dtype=int64), array([0], dtype=int64), array([41], dtype=int64), array([0], dtype=int64), array([37], dtype=int64), array([3], dtype=int64), array([0], dtype=int64)]","[93.11868286132812, 82.77574157714844, 56.87807846069336, 90.9999771118164, 54.03184509277344, 59.99835968017578, 51.24984359741211, 52.348411560058594, 50.069068908691406, 55.643245697021484, 62.726524353027344, 39.693992614746094, 63.92561721801758, 36.42512893676758, 53.2656135559082, 34.724815368652344, 35.1851921081543, 35.131591796875, 51.845314025878906, 27.437898635864258, 31.026161193847656, 33.557945251464844, 28.28750228881836, 23.55047607421875, 21.82292938232422, 24.52594566345215, 26.989774703979492, 28.40180778503418, 25.08240509033203, 29.19443702697754, 31.955097198486328, 20.950307846069336, 24.97547721862793, 24.313190460205078, 19.11260223388672, 24.744869232177734, 22.27936553955078, 29.879690170288086, 18.38179588317871, 17.517196655273438, 17.268550872802734, 41.64921951293945, 42.508514404296875, 33.26763916015625, 29.186094284057617, 22.910743713378906, 19.071842193603516, 17.217912673950195, 14.227901458740234, 14.190872192382812, 8.084990501403809, 56.096832275390625, 40.61457443237305, 3.551795721054077, 43.14004898071289, -0.12962430715560913, 43.41329574584961, 0.43840694427490234, 6.24492073059082]"
57,[2],"[14, 3, 8, 36, 9, 16, 18, 10, 32, 6, 0, 21, 13, 22, 24, 11, 1, 49, 12, 20, 19, 17, 34, 38, 37, 23, 30, 27, 28, 26, 51, 45, 56, 29, 53, 33, 31, 52, 46, 39, 40, 41, 35, 50, 7, 15, 42, 54, 43, 44, 57, 58, 55, 4, 5, 59, 25, 47, 48]","[array([40], dtype=int64), array([35], dtype=int64), array([57], dtype=int64), array([18], dtype=int64), array([70], dtype=int64), array([60], dtype=int64), array([38], dtype=int64), array([66], dtype=int64), array([37], dtype=int64), array([63], dtype=int64), array([41], dtype=int64), array([35], dtype=int64), array([33], dtype=int64), array([32], dtype=int64), array([34], dtype=int64), array([58], dtype=int64), array([62], dtype=int64), array([54], dtype=int64), array([34], dtype=int64), array([30], dtype=int64), array([34], dtype=int64), array([33], dtype=int64), array([9], dtype=int64), array([21], dtype=int64), array([14], dtype=int64), array([30], dtype=int64), array([29], dtype=int64), array([30], dtype=int64), array([25], dtype=int64), array([27], dtype=int64), array([21], dtype=int64), array([1], dtype=int64), array([5], dtype=int64), array([22], dtype=int64), array([40], dtype=int64), array([9], dtype=int64), array([40], dtype=int64), array([22], dtype=int64), array([0], dtype=int64), array([24], dtype=int64), array([22], dtype=int64), array([12], dtype=int64), array([18], dtype=int64), array([24], dtype=int64), array([54], dtype=int64), array([42], dtype=int64), array([43], dtype=int64), array([19], dtype=int64), array([28], dtype=int64), array([34], dtype=int64), array([0], dtype=int64), array([0], dtype=int64), array([2], dtype=int64), array([24], dtype=int64), array([41], dtype=int64), array([0], dtype=int64), array([37], dtype=int64), array([3], dtype=int64), array([0], dtype=int64)]","[84.3903579711914, 61.08005142211914, 43.227447509765625, 56.99966049194336, 53.47759246826172, 66.18224334716797, 47.601749420166016, 62.241783142089844, 56.62619400024414, 65.33277893066406, 39.86320877075195, 42.53424835205078, 38.865570068359375, 36.77687072753906, 34.10264587402344, 64.30085754394531, 52.59878158569336, 32.1276969909668, 28.71014976501465, 23.14737319946289, 29.469039916992188, 29.679819107055664, 23.984418869018555, 23.046201705932617, 24.120960235595703, 23.193862915039062, 24.767658233642578, 27.004831314086914, 27.32708168029785, 26.53888511657715, 27.013315200805664, 22.048595428466797, 23.723529815673828, 23.812320709228516, 18.66669273376465, 25.158679962158203, 20.596874237060547, 28.731334686279297, 23.43814468383789, 9.5469331741333, 21.222301483154297, 15.475837707519531, 11.831282615661621, 17.05807876586914, 49.71692657470703, 16.810617446899414, 8.503473281860352, 35.64678192138672, 31.21434211730957, 35.61238479614258, 5.684863567352295, 1.5956032276153564, 17.237548828125, 42.87795639038086, 43.14004898071289, -0.12962430715560913, 43.41329574584961, 0.43840694427490234, 6.24492073059082]"
58,[37],"[16, 9, 14, 29, 49, 10, 2, 0, 13, 18, 32, 3, 6, 11, 21, 1, 22, 24, 7, 19, 12, 31, 17, 20, 23, 51, 30, 56, 27, 53, 33, 38, 36, 46, 28, 26, 34, 35, 50, 40, 42, 44, 43, 15, 54, 39, 55, 41, 45, 52, 57, 8, 4, 58, 5, 59, 25, 47, 48]","[array([60], dtype=int64), array([70], dtype=int64), array([40], dtype=int64), array([22], dtype=int64), array([54], dtype=int64), array([66], dtype=int64), array([40], dtype=int64), array([41], dtype=int64), array([33], dtype=int64), array([38], dtype=int64), array([37], dtype=int64), array([35], dtype=int64), array([63], dtype=int64), array([58], dtype=int64), array([35], dtype=int64), array([62], dtype=int64), array([32], dtype=int64), array([34], dtype=int64), array([54], dtype=int64), array([34], dtype=int64), array([34], dtype=int64), array([40], dtype=int64), array([33], dtype=int64), array([30], dtype=int64), array([30], dtype=int64), array([21], dtype=int64), array([29], dtype=int64), array([5], dtype=int64), array([30], dtype=int64), array([40], dtype=int64), array([9], dtype=int64), array([21], dtype=int64), array([18], dtype=int64), array([0], dtype=int64), array([25], dtype=int64), array([27], dtype=int64), array([9], dtype=int64), array([18], dtype=int64), array([24], dtype=int64), array([22], dtype=int64), array([43], dtype=int64), array([34], dtype=int64), array([28], dtype=int64), array([42], dtype=int64), array([19], dtype=int64), array([24], dtype=int64), array([2], dtype=int64), array([12], dtype=int64), array([1], dtype=int64), array([22], dtype=int64), array([0], dtype=int64), array([57], dtype=int64), array([24], dtype=int64), array([0], dtype=int64), array([41], dtype=int64), array([0], dtype=int64), array([37], dtype=int64), array([3], dtype=int64), array([0], dtype=int64)]","[92.8847885131836, 69.97124481201172, 63.47856140136719, 90.99974060058594, 56.99736022949219, 48.37196731567383, 51.98712921142578, 50.521209716796875, 42.17631912231445, 50.71723556518555, 56.505802154541016, 38.65459442138672, 59.55801010131836, 63.26861572265625, 42.616172790527344, 43.9151725769043, 35.08374786376953, 33.002620697021484, 44.730342864990234, 27.472707748413086, 28.50006866455078, 21.212661743164062, 27.20254135131836, 26.345802307128906, 30.452234268188477, 26.376766204833984, 25.060667037963867, 27.13103485107422, 27.111820220947266, 29.35211753845215, 29.96799659729004, 31.697988510131836, 32.61782455444336, 31.525169372558594, 28.416948318481445, 26.10994529724121, 21.976276397705078, 13.271098136901855, 22.47873878479004, 13.221150398254395, 16.566312789916992, 26.96035385131836, 23.496105194091797, 18.541366577148438, 36.199703216552734, 18.594484329223633, 16.651138305664062, 15.000092506408691, 7.692962169647217, 8.199511528015137, 7.483100891113281, 56.096832275390625, 40.61457443237305, 3.551795721054077, 43.14004898071289, -0.12962430715560913, 43.41329574584961, 0.43840694427490234, 6.24492073059082]"
59,[14],"[11, 9, 29, 36, 10, 3, 16, 2, 32, 18, 6, 13, 21, 0, 22, 24, 1, 49, 7, 19, 12, 20, 17, 30, 28, 53, 38, 52, 26, 27, 34, 50, 33, 51, 46, 56, 37, 31, 23, 40, 39, 45, 35, 8, 41, 15, 42, 54, 43, 44, 57, 58, 55, 4, 5, 59, 25, 47, 48]","[array([58], dtype=int64), array([70], dtype=int64), array([22], dtype=int64), array([18], dtype=int64), array([66], dtype=int64), array([35], dtype=int64), array([60], dtype=int64), array([40], dtype=int64), array([37], dtype=int64), array([38], dtype=int64), array([63], dtype=int64), array([33], dtype=int64), array([35], dtype=int64), array([41], dtype=int64), array([32], dtype=int64), array([34], dtype=int64), array([62], dtype=int64), array([54], dtype=int64), array([54], dtype=int64), array([34], dtype=int64), array([34], dtype=int64), array([30], dtype=int64), array([33], dtype=int64), array([29], dtype=int64), array([25], dtype=int64), array([40], dtype=int64), array([21], dtype=int64), array([22], dtype=int64), array([27], dtype=int64), array([30], dtype=int64), array([9], dtype=int64), array([24], dtype=int64), array([9], dtype=int64), array([21], dtype=int64), array([0], dtype=int64), array([5], dtype=int64), array([14], dtype=int64), array([40], dtype=int64), array([30], dtype=int64), array([22], dtype=int64), array([24], dtype=int64), array([1], dtype=int64), array([18], dtype=int64), array([57], dtype=int64), array([12], dtype=int64), array([42], dtype=int64), array([43], dtype=int64), array([19], dtype=int64), array([28], dtype=int64), array([34], dtype=int64), array([0], dtype=int64), array([0], dtype=int64), array([2], dtype=int64), array([24], dtype=int64), array([41], dtype=int64), array([0], dtype=int64), array([37], dtype=int64), array([3], dtype=int64), array([0], dtype=int64)]","[73.61155700683594, 65.13430786132812, 70.99970245361328, 56.99597930908203, 98.99720001220703, 98.00017547607422, 62.82097244262695, 62.28977584838867, 57.9303092956543, 48.311824798583984, 61.78146743774414, 36.821197509765625, 37.99354553222656, 37.36761474609375, 34.9729118347168, 33.27523422241211, 44.41859436035156, 37.25545120239258, 53.13701248168945, 27.224632263183594, 27.811206817626953, 26.799352645874023, 27.166645050048828, 26.403921127319336, 29.59103012084961, 26.978038787841797, 30.504913330078125, 31.98054313659668, 27.46672821044922, 27.517183303833008, 29.616527557373047, 30.35511016845703, 22.34498405456543, 20.27255630493164, 22.072689056396484, 22.562108993530273, 21.03238296508789, 23.672866821289062, 14.788372039794922, 17.17368507385254, 15.211064338684082, 18.09376335144043, 17.655704498291016, 61.93875503540039, 15.968600273132324, 16.810617446899414, 8.503473281860352, 35.64678192138672, 31.21434211730957, 35.61238479614258, 5.684863567352295, 1.5956032276153564, 17.237548828125, 42.87795639038086, 43.14004898071289, -0.12962430715560913, 43.41329574584961, 0.43840694427490234, 6.24492073059082]"
60,[19],"[16, 9, 14, 29, 3, 49, 2, 0, 10, 13, 18, 32, 6, 11, 24, 21, 1, 22, 7, 20, 17, 37, 12, 30, 26, 27, 28, 56, 53, 34, 50, 38, 36, 52, 33, 31, 46, 15, 42, 44, 54, 35, 43, 23, 51, 40, 39, 55, 41, 45, 57, 8, 4, 58, 5, 59, 25, 47, 48]","[array([60], dtype=int64), array([70], dtype=int64), array([40], dtype=int64), array([22], dtype=int64), array([35], dtype=int64), array([54], dtype=int64), array([40], dtype=int64), array([41], dtype=int64), array([66], dtype=int64), array([33], dtype=int64), array([38], dtype=int64), array([37], dtype=int64), array([63], dtype=int64), array([58], dtype=int64), array([34], dtype=int64), array([35], dtype=int64), array([62], dtype=int64), array([32], dtype=int64), array([54], dtype=int64), array([30], dtype=int64), array([33], dtype=int64), array([14], dtype=int64), array([34], dtype=int64), array([29], dtype=int64), array([27], dtype=int64), array([30], dtype=int64), array([25], dtype=int64), array([5], dtype=int64), array([40], dtype=int64), array([9], dtype=int64), array([24], dtype=int64), array([21], dtype=int64), array([18], dtype=int64), array([22], dtype=int64), array([9], dtype=int64), array([40], dtype=int64), array([0], dtype=int64), array([42], dtype=int64), array([43], dtype=int64), array([34], dtype=int64), array([19], dtype=int64), array([18], dtype=int64), array([28], dtype=int64), array([30], dtype=int64), array([21], dtype=int64), array([22], dtype=int64), array([24], dtype=int64), array([2], dtype=int64), array([12], dtype=int64), array([1], dtype=int64), array([0], dtype=int64), array([57], dtype=int64), array([24], dtype=int64), array([0], dtype=int64), array([41], dtype=int64), array([0], dtype=int64), array([37], dtype=int64), array([3], dtype=int64), array([0], dtype=int64)]","[93.56754302978516, 68.27277374267578, 81.11561584472656, 90.99955749511719, 58.58809280395508, 55.74164962768555, 48.0124397277832, 47.7846794128418, 42.4647331237793, 43.003692626953125, 51.61616516113281, 49.20684814453125, 58.760772705078125, 63.319725036621094, 38.846282958984375, 37.4149169921875, 45.85709762573242, 36.12888717651367, 47.91086959838867, 25.873783111572266, 29.698270797729492, 30.484163284301758, 26.275747299194336, 23.889881134033203, 23.746458053588867, 28.26913070678711, 28.84364891052246, 21.964035034179688, 24.716283798217773, 30.607418060302734, 32.65837478637695, 29.177873611450195, 27.34162712097168, 23.00912857055664, 27.196706771850586, 22.50844955444336, 20.895414352416992, 19.953670501708984, 12.324576377868652, 40.71235275268555, 35.28450012207031, 34.088951110839844, 28.869970321655273, 25.347206115722656, 20.485811233520508, 19.888784408569336, 16.343544006347656, 20.279645919799805, 17.349720001220703, 5.392582893371582, 7.483100891113281, 56.096832275390625, 40.61457443237305, 3.551795721054077, 43.14004898071289, -0.12962430715560913, 43.41329574584961, 0.43840694427490234, 6.24492073059082]"
61,[31],"[16, 10, 32, 29, 3, 9, 14, 18, 2, 6, 11, 13, 0, 21, 1, 49, 22, 24, 7, 19, 12, 58, 20, 17, 30, 37, 53, 34, 50, 36, 27, 28, 26, 33, 52, 38, 46, 56, 51, 42, 44, 54, 15, 35, 43, 23, 40, 39, 55, 41, 45, 57, 8, 4, 5, 59, 25, 47, 48]","[array([60], dtype=int64), array([66], dtype=int64), array([37], dtype=int64), array([22], dtype=int64), array([35], dtype=int64), array([70], dtype=int64), array([40], dtype=int64), array([38], dtype=int64), array([40], dtype=int64), array([63], dtype=int64), array([58], dtype=int64), array([33], dtype=int64), array([41], dtype=int64), array([35], dtype=int64), array([62], dtype=int64), array([54], dtype=int64), array([32], dtype=int64), array([34], dtype=int64), array([54], dtype=int64), array([34], dtype=int64), array([34], dtype=int64), array([0], dtype=int64), array([30], dtype=int64), array([33], dtype=int64), array([29], dtype=int64), array([14], dtype=int64), array([40], dtype=int64), array([9], dtype=int64), array([24], dtype=int64), array([18], dtype=int64), array([30], dtype=int64), array([25], dtype=int64), array([27], dtype=int64), array([9], dtype=int64), array([22], dtype=int64), array([21], dtype=int64), array([0], dtype=int64), array([5], dtype=int64), array([21], dtype=int64), array([43], dtype=int64), array([34], dtype=int64), array([19], dtype=int64), array([42], dtype=int64), array([18], dtype=int64), array([28], dtype=int64), array([30], dtype=int64), array([22], dtype=int64), array([24], dtype=int64), array([2], dtype=int64), array([12], dtype=int64), array([1], dtype=int64), array([0], dtype=int64), array([57], dtype=int64), array([24], dtype=int64), array([41], dtype=int64), array([0], dtype=int64), array([37], dtype=int64), array([3], dtype=int64), array([0], dtype=int64)]","[93.65333557128906, 81.03141784667969, 99.00003051757812, 91.00016021728516, 61.50668716430664, 62.358036041259766, 67.67188262939453, 50.4396858215332, 56.845298767089844, 59.063148498535156, 66.30583190917969, 41.070777893066406, 39.57237243652344, 37.360931396484375, 51.8296012878418, 36.15486526489258, 36.96934509277344, 36.08747100830078, 48.622894287109375, 26.614826202392578, 33.20277786254883, 19.058931350708008, 28.944108963012695, 30.15062713623047, 28.071382522583008, 32.0586051940918, 23.408428192138672, 30.2896728515625, 35.39565658569336, 23.761442184448242, 25.008337020874023, 30.4288387298584, 31.387523651123047, 23.789953231811523, 31.411909103393555, 26.292299270629883, 21.625898361206055, 19.3416690826416, 16.337675094604492, 12.881773948669434, 42.35975646972656, 36.07585144042969, 46.092529296875, 32.694095611572266, 29.471548080444336, 23.108802795410156, 19.24901008605957, 17.272014617919922, 18.260347366333008, 15.159357070922852, 6.301981449127197, 3.6002156734466553, 54.7349853515625, 42.87795639038086, 43.14004898071289, -0.12962430715560913, 43.41329574584961, 0.43840694427490234, 6.24492073059082]"
62,[59],"[16, 9, 14, 49, 29, 0, 10, 17, 2, 13, 18, 32, 42, 6, 11, 3, 52, 37, 21, 22, 1, 7, 24, 19, 50, 20, 44, 8, 51, 43, 12, 4, 45, 31, 35, 53, 41, 28, 27, 30, 26, 23, 40, 39, 34, 33, 56, 54, 38, 46, 55, 57, 36, 15, 58, 5, 25, 47, 48]","[array([60], dtype=int64), array([70], dtype=int64), array([40], dtype=int64), array([54], dtype=int64), array([22], dtype=int64), array([41], dtype=int64), array([66], dtype=int64), array([33], dtype=int64), array([40], dtype=int64), array([33], dtype=int64), array([38], dtype=int64), array([37], dtype=int64), array([43], dtype=int64), array([63], dtype=int64), array([58], dtype=int64), array([35], dtype=int64), array([22], dtype=int64), array([14], dtype=int64), array([35], dtype=int64), array([32], dtype=int64), array([62], dtype=int64), array([54], dtype=int64), array([34], dtype=int64), array([34], dtype=int64), array([24], dtype=int64), array([30], dtype=int64), array([34], dtype=int64), array([57], dtype=int64), array([21], dtype=int64), array([28], dtype=int64), array([34], dtype=int64), array([24], dtype=int64), array([1], dtype=int64), array([40], dtype=int64), array([18], dtype=int64), array([40], dtype=int64), array([12], dtype=int64), array([25], dtype=int64), array([30], dtype=int64), array([29], dtype=int64), array([27], dtype=int64), array([30], dtype=int64), array([22], dtype=int64), array([24], dtype=int64), array([9], dtype=int64), array([9], dtype=int64), array([5], dtype=int64), array([19], dtype=int64), array([21], dtype=int64), array([0], dtype=int64), array([2], dtype=int64), array([0], dtype=int64), array([18], dtype=int64), array([42], dtype=int64), array([0], dtype=int64), array([41], dtype=int64), array([37], dtype=int64), array([3], dtype=int64), array([0], dtype=int64)]","[92.99776458740234, 84.1011962890625, 80.9886245727539, 98.99983215332031, 98.99993133544922, 68.39405822753906, 45.7876091003418, 64.11637115478516, 49.25332260131836, 43.99079513549805, 40.98649978637695, 56.156394958496094, 35.606101989746094, 42.981407165527344, 62.14741134643555, 54.31422805786133, 54.850372314453125, 43.36610412597656, 38.49879455566406, 34.159114837646484, 46.97040939331055, 39.58863067626953, 32.87943649291992, 31.408002853393555, 32.579063415527344, 27.988750457763672, 30.868364334106445, 59.50580596923828, 31.30342674255371, 28.007015228271484, 24.85603141784668, 32.905921936035156, 29.819610595703125, 21.558555603027344, 34.99860763549805, 22.82285499572754, 26.033153533935547, 24.768232345581055, 25.22268295288086, 25.747474670410156, 27.879878997802734, 20.997257232666016, 28.07120704650879, 23.76636505126953, 36.118446350097656, 23.77814483642578, 22.201072692871094, 35.42457962036133, 19.750551223754883, 24.27594757080078, 14.235137939453125, 8.916034698486328, 10.06124496459961, 48.01420593261719, 0.544423520565033, 52.879554748535156, 43.41329574584961, 0.43840694427490234, 6.24492073059082]"
63,[28],"[16, 10, 49, 25, 29, 14, 3, 9, 0, 2, 13, 32, 6, 22, 18, 11, 21, 24, 1, 38, 12, 19, 20, 17, 37, 30, 27, 26, 51, 33, 23, 46, 35, 34, 31, 42, 57, 45, 7, 44, 50, 54, 43, 40, 39, 55, 56, 53, 41, 15, 52, 58, 8, 36, 4, 5, 59, 47, 48]","[array([60], dtype=int64), array([66], dtype=int64), array([54], dtype=int64), array([37], dtype=int64), array([22], dtype=int64), array([40], dtype=int64), array([35], dtype=int64), array([70], dtype=int64), array([41], dtype=int64), array([40], dtype=int64), array([33], dtype=int64), array([37], dtype=int64), array([63], dtype=int64), array([32], dtype=int64), array([38], dtype=int64), array([58], dtype=int64), array([35], dtype=int64), array([34], dtype=int64), array([62], dtype=int64), array([21], dtype=int64), array([34], dtype=int64), array([34], dtype=int64), array([30], dtype=int64), array([33], dtype=int64), array([14], dtype=int64), array([29], dtype=int64), array([30], dtype=int64), array([27], dtype=int64), array([21], dtype=int64), array([9], dtype=int64), array([30], dtype=int64), array([0], dtype=int64), array([18], dtype=int64), array([9], dtype=int64), array([40], dtype=int64), array([43], dtype=int64), array([0], dtype=int64), array([1], dtype=int64), array([54], dtype=int64), array([34], dtype=int64), array([24], dtype=int64), array([19], dtype=int64), array([28], dtype=int64), array([22], dtype=int64), array([24], dtype=int64), array([2], dtype=int64), array([5], dtype=int64), array([40], dtype=int64), array([12], dtype=int64), array([42], dtype=int64), array([22], dtype=int64), array([0], dtype=int64), array([57], dtype=int64), array([18], dtype=int64), array([24], dtype=int64), array([41], dtype=int64), array([0], dtype=int64), array([3], dtype=int64), array([0], dtype=int64)]","[93.06600952148438, 67.71321868896484, 98.9997329711914, 77.69297790527344, 91.00010681152344, 67.97574615478516, 63.884033203125, 65.7248764038086, 51.26027297973633, 47.42768859863281, 42.47620391845703, 53.49504852294922, 67.10746765136719, 42.417362213134766, 41.751869201660156, 63.009273529052734, 36.67189407348633, 34.547035217285156, 58.71514129638672, 29.044355392456055, 27.765628814697266, 29.32986068725586, 27.40096664428711, 31.24597930908203, 25.568872451782227, 26.077165603637695, 27.428438186645508, 28.538990020751953, 24.306785583496094, 23.57493782043457, 23.43327522277832, 17.52344512939453, 20.698421478271484, 19.964338302612305, 19.92292594909668, 17.64546775817871, 34.723819732666016, 22.390981674194336, 59.23866653442383, 38.95539093017578, 34.763145446777344, 36.9207763671875, 31.488689422607422, 20.802371978759766, 20.976160049438477, 17.20123863220215, 17.788759231567383, 18.85124397277832, 15.748896598815918, 45.8309211730957, 10.543146133422852, 1.79025137424469, 54.90913391113281, 13.213297843933105, 41.03927993774414, 48.02171325683594, -1.2786105871200562, 0.43840694427490234, 6.24492073059082]"
64,[30],"[11, 9, 29, 16, 3, 10, 14, 2, 32, 18, 6, 13, 0, 21, 24, 49, 22, 1, 19, 20, 37, 7, 12, 17, 26, 27, 28, 56, 53, 34, 50, 38, 36, 52, 33, 31, 46, 15, 42, 44, 54, 35, 43, 23, 51, 40, 39, 55, 41, 45, 57, 8, 4, 58, 5, 59, 25, 47, 48]","[array([58], dtype=int64), array([70], dtype=int64), array([22], dtype=int64), array([60], dtype=int64), array([35], dtype=int64), array([66], dtype=int64), array([40], dtype=int64), array([40], dtype=int64), array([37], dtype=int64), array([38], dtype=int64), array([63], dtype=int64), array([33], dtype=int64), array([41], dtype=int64), array([35], dtype=int64), array([34], dtype=int64), array([54], dtype=int64), array([32], dtype=int64), array([62], dtype=int64), array([34], dtype=int64), array([30], dtype=int64), array([14], dtype=int64), array([54], dtype=int64), array([34], dtype=int64), array([33], dtype=int64), array([27], dtype=int64), array([30], dtype=int64), array([25], dtype=int64), array([5], dtype=int64), array([40], dtype=int64), array([9], dtype=int64), array([24], dtype=int64), array([21], dtype=int64), array([18], dtype=int64), array([22], dtype=int64), array([9], dtype=int64), array([40], dtype=int64), array([0], dtype=int64), array([42], dtype=int64), array([43], dtype=int64), array([34], dtype=int64), array([19], dtype=int64), array([18], dtype=int64), array([28], dtype=int64), array([30], dtype=int64), array([21], dtype=int64), array([22], dtype=int64), array([24], dtype=int64), array([2], dtype=int64), array([12], dtype=int64), array([1], dtype=int64), array([0], dtype=int64), array([57], dtype=int64), array([24], dtype=int64), array([0], dtype=int64), array([41], dtype=int64), array([0], dtype=int64), array([37], dtype=int64), array([3], dtype=int64), array([0], dtype=int64)]","[92.9944076538086, 79.12486267089844, 91.00023651123047, 72.12577819824219, 61.91099548339844, 60.15040969848633, 65.5739517211914, 57.82445526123047, 61.72471237182617, 49.53605270385742, 68.16071319580078, 38.80316925048828, 40.610679626464844, 37.415138244628906, 35.40947723388672, 37.83334732055664, 35.396968841552734, 56.8162727355957, 31.06528663635254, 31.366090774536133, 29.470321655273438, 53.234405517578125, 27.445602416992188, 25.79550552368164, 23.746458053588867, 28.26913070678711, 28.84364891052246, 21.964035034179688, 24.716283798217773, 30.607418060302734, 32.65837478637695, 29.177873611450195, 27.34162712097168, 23.00912857055664, 27.196706771850586, 22.50844955444336, 20.895414352416992, 19.953670501708984, 12.324576377868652, 40.71235275268555, 35.28450012207031, 34.088951110839844, 28.869970321655273, 25.347206115722656, 20.485811233520508, 19.888784408569336, 16.343544006347656, 20.279645919799805, 17.349720001220703, 5.392582893371582, 7.483100891113281, 56.096832275390625, 40.61457443237305, 3.551795721054077, 43.14004898071289, -0.12962430715560913, 43.41329574584961, 0.43840694427490234, 6.24492073059082]"
65,[26],"[16, 9, 14, 29, 3, 49, 2, 13, 0, 18, 32, 10, 6, 21, 11, 22, 1, 24, 19, 12, 37, 7, 17, 20, 30, 27, 28, 56, 53, 34, 50, 38, 36, 52, 33, 31, 46, 15, 42, 44, 54, 35, 43, 23, 51, 40, 39, 55, 41, 45, 57, 8, 4, 58, 5, 59, 25, 47, 48]","[array([60], dtype=int64), array([70], dtype=int64), array([40], dtype=int64), array([22], dtype=int64), array([35], dtype=int64), array([54], dtype=int64), array([40], dtype=int64), array([33], dtype=int64), array([41], dtype=int64), array([38], dtype=int64), array([37], dtype=int64), array([66], dtype=int64), array([63], dtype=int64), array([35], dtype=int64), array([58], dtype=int64), array([32], dtype=int64), array([62], dtype=int64), array([34], dtype=int64), array([34], dtype=int64), array([34], dtype=int64), array([14], dtype=int64), array([54], dtype=int64), array([33], dtype=int64), array([30], dtype=int64), array([29], dtype=int64), array([30], dtype=int64), array([25], dtype=int64), array([5], dtype=int64), array([40], dtype=int64), array([9], dtype=int64), array([24], dtype=int64), array([21], dtype=int64), array([18], dtype=int64), array([22], dtype=int64), array([9], dtype=int64), array([40], dtype=int64), array([0], dtype=int64), array([42], dtype=int64), array([43], dtype=int64), array([34], dtype=int64), array([19], dtype=int64), array([18], dtype=int64), array([28], dtype=int64), array([30], dtype=int64), array([21], dtype=int64), array([22], dtype=int64), array([24], dtype=int64), array([2], dtype=int64), array([12], dtype=int64), array([1], dtype=int64), array([0], dtype=int64), array([57], dtype=int64), array([24], dtype=int64), array([0], dtype=int64), array([41], dtype=int64), array([0], dtype=int64), array([37], dtype=int64), array([3], dtype=int64), array([0], dtype=int64)]","[92.87950897216797, 83.34248352050781, 81.26004028320312, 91.00154876708984, 58.30519485473633, 52.50708770751953, 49.1645622253418, 45.288429260253906, 45.455650329589844, 41.47800827026367, 56.19559860229492, 40.5911865234375, 55.31159591674805, 41.107276916503906, 66.20226287841797, 36.77286911010742, 52.18168258666992, 34.16626739501953, 30.181499481201172, 30.647327423095703, 30.288217544555664, 48.25078201293945, 28.558069229125977, 28.942852020263672, 29.70087242126465, 28.26913070678711, 28.84364891052246, 21.964035034179688, 24.716283798217773, 30.607418060302734, 32.65837478637695, 29.177873611450195, 27.34162712097168, 23.00912857055664, 27.196706771850586, 22.50844955444336, 20.895414352416992, 19.953670501708984, 12.324576377868652, 40.71235275268555, 35.28450012207031, 34.088951110839844, 28.869970321655273, 25.347206115722656, 20.485811233520508, 19.888784408569336, 16.343544006347656, 20.279645919799805, 17.349720001220703, 5.392582893371582, 7.483100891113281, 56.096832275390625, 40.61457443237305, 3.551795721054077, 43.14004898071289, -0.12962430715560913, 43.41329574584961, 0.43840694427490234, 6.24492073059082]"
66,[4],"[16, 9, 14, 29, 10, 2, 32, 21, 6, 3, 11, 0, 22, 18, 13, 24, 49, 1, 19, 20, 17, 12, 51, 53, 36, 27, 30, 28, 34, 50, 26, 38, 52, 33, 46, 31, 57, 56, 37, 23, 40, 42, 7, 44, 54, 43, 35, 41, 45, 39, 55, 15, 58, 8, 5, 59, 25, 47, 48]","[array([60], dtype=int64), array([70], dtype=int64), array([40], dtype=int64), array([22], dtype=int64), array([66], dtype=int64), array([40], dtype=int64), array([37], dtype=int64), array([35], dtype=int64), array([63], dtype=int64), array([35], dtype=int64), array([58], dtype=int64), array([41], dtype=int64), array([32], dtype=int64), array([38], dtype=int64), array([33], dtype=int64), array([34], dtype=int64), array([54], dtype=int64), array([62], dtype=int64), array([34], dtype=int64), array([30], dtype=int64), array([33], dtype=int64), array([34], dtype=int64), array([21], dtype=int64), array([40], dtype=int64), array([18], dtype=int64), array([30], dtype=int64), array([29], dtype=int64), array([25], dtype=int64), array([9], dtype=int64), array([24], dtype=int64), array([27], dtype=int64), array([21], dtype=int64), array([22], dtype=int64), array([9], dtype=int64), array([0], dtype=int64), array([40], dtype=int64), array([0], dtype=int64), array([5], dtype=int64), array([14], dtype=int64), array([30], dtype=int64), array([22], dtype=int64), array([43], dtype=int64), array([54], dtype=int64), array([34], dtype=int64), array([19], dtype=int64), array([28], dtype=int64), array([18], dtype=int64), array([12], dtype=int64), array([1], dtype=int64), array([24], dtype=int64), array([2], dtype=int64), array([42], dtype=int64), array([0], dtype=int64), array([57], dtype=int64), array([41], dtype=int64), array([0], dtype=int64), array([37], dtype=int64), array([3], dtype=int64), array([0], dtype=int64)]","[92.60767364501953, 68.32514953613281, 57.696434020996094, 98.99980926513672, 63.06131362915039, 63.50786209106445, 55.841064453125, 97.99993133544922, 64.84266662597656, 53.53569030761719, 65.77401733398438, 38.59538650512695, 37.62138748168945, 37.54147720336914, 37.326019287109375, 35.23284149169922, 37.63981246948242, 44.61628341674805, 28.27100372314453, 31.306398391723633, 27.84511375427246, 26.546924591064453, 24.566604614257812, 26.292903900146484, 27.0421085357666, 32.097434997558594, 30.528236389160156, 28.695127487182617, 30.958740234375, 31.85286521911621, 30.439754486083984, 23.92080307006836, 28.308927536010742, 33.82414627075195, 22.433265686035156, 23.621740341186523, 18.171663284301758, 22.859954833984375, 23.012962341308594, 16.746749877929688, 16.12025260925293, 18.608421325683594, 49.262882232666016, 39.638877868652344, 35.835960388183594, 32.1134147644043, 30.423503875732422, 21.898632049560547, 20.261032104492188, 16.187602996826172, 11.467447280883789, 43.61598587036133, 1.7543948888778687, 57.39015579223633, 43.14004898071289, -0.12962430715560913, 43.41329574584961, 0.43840694427490234, 6.24492073059082]"
67,[4],"[16, 9, 14, 29, 10, 2, 32, 21, 6, 3, 11, 0, 22, 18, 13, 24, 49, 1, 19, 20, 17, 12, 51, 53, 36, 27, 30, 28, 34, 50, 26, 38, 52, 33, 46, 31, 57, 56, 37, 23, 40, 42, 7, 44, 54, 43, 35, 41, 45, 39, 55, 15, 58, 8, 5, 59, 25, 47, 48]","[array([60], dtype=int64), array([70], dtype=int64), array([40], dtype=int64), array([22], dtype=int64), array([66], dtype=int64), array([40], dtype=int64), array([37], dtype=int64), array([35], dtype=int64), array([63], dtype=int64), array([35], dtype=int64), array([58], dtype=int64), array([41], dtype=int64), array([32], dtype=int64), array([38], dtype=int64), array([33], dtype=int64), array([34], dtype=int64), array([54], dtype=int64), array([62], dtype=int64), array([34], dtype=int64), array([30], dtype=int64), array([33], dtype=int64), array([34], dtype=int64), array([21], dtype=int64), array([40], dtype=int64), array([18], dtype=int64), array([30], dtype=int64), array([29], dtype=int64), array([25], dtype=int64), array([9], dtype=int64), array([24], dtype=int64), array([27], dtype=int64), array([21], dtype=int64), array([22], dtype=int64), array([9], dtype=int64), array([0], dtype=int64), array([40], dtype=int64), array([0], dtype=int64), array([5], dtype=int64), array([14], dtype=int64), array([30], dtype=int64), array([22], dtype=int64), array([43], dtype=int64), array([54], dtype=int64), array([34], dtype=int64), array([19], dtype=int64), array([28], dtype=int64), array([18], dtype=int64), array([12], dtype=int64), array([1], dtype=int64), array([24], dtype=int64), array([2], dtype=int64), array([42], dtype=int64), array([0], dtype=int64), array([57], dtype=int64), array([41], dtype=int64), array([0], dtype=int64), array([37], dtype=int64), array([3], dtype=int64), array([0], dtype=int64)]","[92.60767364501953, 68.32514953613281, 57.696434020996094, 98.99980926513672, 63.06131362915039, 63.50786209106445, 55.841064453125, 97.99993133544922, 64.84266662597656, 53.53569030761719, 65.77401733398438, 38.59538650512695, 37.62138748168945, 37.54147720336914, 37.326019287109375, 35.23284149169922, 37.63981246948242, 44.61628341674805, 28.27100372314453, 31.306398391723633, 27.84511375427246, 26.546924591064453, 24.566604614257812, 26.292903900146484, 27.0421085357666, 32.097434997558594, 30.528236389160156, 28.695127487182617, 30.958740234375, 31.85286521911621, 30.439754486083984, 23.92080307006836, 28.308927536010742, 33.82414627075195, 22.433265686035156, 23.621740341186523, 18.171663284301758, 22.859954833984375, 23.012962341308594, 16.746749877929688, 16.12025260925293, 18.608421325683594, 49.262882232666016, 39.638877868652344, 35.835960388183594, 32.1134147644043, 30.423503875732422, 21.898632049560547, 20.261032104492188, 16.187602996826172, 11.467447280883789, 43.61598587036133, 1.7543948888778687, 57.39015579223633, 43.14004898071289, -0.12962430715560913, 43.41329574584961, 0.43840694427490234, 6.24492073059082]"
68,[47],"[11, 9, 53, 29, 16, 49, 5, 10, 14, 17, 0, 22, 2, 3, 18, 32, 21, 6, 24, 13, 19, 20, 1, 12, 30, 27, 26, 34, 50, 28, 38, 37, 33, 7, 52, 51, 31, 46, 56, 58, 23, 40, 41, 39, 36, 35, 43, 42, 54, 44, 55, 45, 57, 15, 8, 4, 59, 25, 48]","[array([58], dtype=int64), array([70], dtype=int64), array([40], dtype=int64), array([22], dtype=int64), array([60], dtype=int64), array([54], dtype=int64), array([41], dtype=int64), array([66], dtype=int64), array([40], dtype=int64), array([33], dtype=int64), array([41], dtype=int64), array([32], dtype=int64), array([40], dtype=int64), array([35], dtype=int64), array([38], dtype=int64), array([37], dtype=int64), array([35], dtype=int64), array([63], dtype=int64), array([34], dtype=int64), array([33], dtype=int64), array([34], dtype=int64), array([30], dtype=int64), array([62], dtype=int64), array([34], dtype=int64), array([29], dtype=int64), array([30], dtype=int64), array([27], dtype=int64), array([9], dtype=int64), array([24], dtype=int64), array([25], dtype=int64), array([21], dtype=int64), array([14], dtype=int64), array([9], dtype=int64), array([54], dtype=int64), array([22], dtype=int64), array([21], dtype=int64), array([40], dtype=int64), array([0], dtype=int64), array([5], dtype=int64), array([0], dtype=int64), array([30], dtype=int64), array([22], dtype=int64), array([12], dtype=int64), array([24], dtype=int64), array([18], dtype=int64), array([18], dtype=int64), array([28], dtype=int64), array([43], dtype=int64), array([19], dtype=int64), array([34], dtype=int64), array([2], dtype=int64), array([1], dtype=int64), array([0], dtype=int64), array([42], dtype=int64), array([57], dtype=int64), array([24], dtype=int64), array([0], dtype=int64), array([37], dtype=int64), array([0], dtype=int64)]","[92.13391876220703, 81.67620086669922, 93.99969482421875, 90.99996185302734, 67.33753967285156, 71.76106262207031, 59.34785079956055, 59.710723876953125, 64.5167465209961, 66.04721069335938, 58.46409606933594, 58.37015914916992, 55.214073181152344, 46.22139358520508, 42.14197540283203, 56.582801818847656, 36.351253509521484, 58.78077697753906, 35.35322952270508, 40.065040588378906, 31.339445114135742, 32.50255584716797, 41.181785583496094, 23.964824676513672, 29.146339416503906, 26.72281265258789, 27.946060180664062, 34.41804504394531, 28.357881546020508, 27.783946990966797, 22.973918914794922, 21.563840866088867, 23.05769157409668, 45.141876220703125, 28.8757266998291, 26.580480575561523, 19.51309585571289, 21.823623657226562, 20.251148223876953, 15.279515266418457, 15.076942443847656, 9.36227798461914, 16.339080810546875, 18.10466766357422, 20.594982147216797, 15.359437942504883, 11.451041221618652, 12.969958305358887, 36.151676177978516, 39.86067199707031, 13.61233901977539, 8.813465118408203, 5.821615695953369, 38.59295654296875, 47.64883804321289, 41.03346252441406, 1.6536134481430054, 41.11101150512695, 6.24492073059082]"
69,[43],"[11, 9, 53, 3, 49, 32, 16, 34, 29, 10, 14, 2, 18, 0, 6, 21, 1, 13, 22, 24, 38, 7, 50, 41, 12, 52, 19, 37, 17, 44, 42, 20, 36, 51, 56, 57, 30, 26, 27, 28, 33, 31, 15, 54, 35, 23, 40, 39, 55, 45, 8, 46, 4, 58, 5, 59, 25, 47, 48]","[array([58], dtype=int64), array([70], dtype=int64), array([40], dtype=int64), array([35], dtype=int64), array([54], dtype=int64), array([37], dtype=int64), array([60], dtype=int64), array([9], dtype=int64), array([22], dtype=int64), array([66], dtype=int64), array([40], dtype=int64), array([40], dtype=int64), array([38], dtype=int64), array([41], dtype=int64), array([63], dtype=int64), array([35], dtype=int64), array([62], dtype=int64), array([33], dtype=int64), array([32], dtype=int64), array([34], dtype=int64), array([21], dtype=int64), array([54], dtype=int64), array([24], dtype=int64), array([12], dtype=int64), array([34], dtype=int64), array([22], dtype=int64), array([34], dtype=int64), array([14], dtype=int64), array([33], dtype=int64), array([34], dtype=int64), array([43], dtype=int64), array([30], dtype=int64), array([18], dtype=int64), array([21], dtype=int64), array([5], dtype=int64), array([0], dtype=int64), array([29], dtype=int64), array([27], dtype=int64), array([30], dtype=int64), array([25], dtype=int64), array([9], dtype=int64), array([40], dtype=int64), array([42], dtype=int64), array([19], dtype=int64), array([18], dtype=int64), array([30], dtype=int64), array([22], dtype=int64), array([24], dtype=int64), array([2], dtype=int64), array([1], dtype=int64), array([57], dtype=int64), array([0], dtype=int64), array([24], dtype=int64), array([0], dtype=int64), array([41], dtype=int64), array([0], dtype=int64), array([37], dtype=int64), array([3], dtype=int64), array([0], dtype=int64)]","[92.1406021118164, 76.19116973876953, 94.00003814697266, 74.00011444091797, 99.00029754638672, 99.00005340576172, 91.0, 90.99992370605469, 98.99957275390625, 49.44602584838867, 63.741943359375, 53.5022087097168, 47.85350799560547, 41.79301071166992, 61.284847259521484, 37.36600112915039, 43.0235710144043, 34.863643646240234, 35.09832000732422, 35.49686050415039, 31.69997215270996, 51.78961181640625, 28.82306671142578, 29.496782302856445, 27.211633682250977, 27.21178436279297, 28.911470413208008, 30.002300262451172, 31.620479583740234, 27.756467819213867, 29.79082489013672, 31.782989501953125, 28.64846420288086, 27.811092376708984, 21.554140090942383, 33.0699462890625, 24.053409576416016, 27.917831420898438, 31.713544845581055, 36.06949234008789, 31.052244186401367, 21.91575813293457, 41.435081481933594, 34.371089935302734, 30.42374038696289, 25.943342208862305, 20.9540958404541, 16.71996307373047, 15.341022491455078, 10.001832962036133, 56.09794235229492, 4.642634391784668, 40.61457443237305, 3.551795721054077, 43.14004898071289, -0.12962430715560913, 43.41329574584961, 0.43840694427490234, 6.24492073059082]"
70,[58],"[11, 3, 29, 10, 12, 9, 16, 14, 2, 18, 32, 6, 22, 0, 13, 21, 49, 1, 24, 7, 19, 20, 17, 38, 37, 23, 53, 34, 36, 30, 50, 56, 27, 28, 26, 33, 52, 45, 31, 46, 51, 40, 35, 39, 41, 15, 42, 44, 54, 43, 55, 57, 8, 4, 5, 59, 25, 47, 48]","[array([58], dtype=int64), array([35], dtype=int64), array([22], dtype=int64), array([66], dtype=int64), array([34], dtype=int64), array([70], dtype=int64), array([60], dtype=int64), array([40], dtype=int64), array([40], dtype=int64), array([38], dtype=int64), array([37], dtype=int64), array([63], dtype=int64), array([32], dtype=int64), array([41], dtype=int64), array([33], dtype=int64), array([35], dtype=int64), array([54], dtype=int64), array([62], dtype=int64), array([34], dtype=int64), array([54], dtype=int64), array([34], dtype=int64), array([30], dtype=int64), array([33], dtype=int64), array([21], dtype=int64), array([14], dtype=int64), array([30], dtype=int64), array([40], dtype=int64), array([9], dtype=int64), array([18], dtype=int64), array([29], dtype=int64), array([24], dtype=int64), array([5], dtype=int64), array([30], dtype=int64), array([25], dtype=int64), array([27], dtype=int64), array([9], dtype=int64), array([22], dtype=int64), array([1], dtype=int64), array([40], dtype=int64), array([0], dtype=int64), array([21], dtype=int64), array([22], dtype=int64), array([18], dtype=int64), array([24], dtype=int64), array([12], dtype=int64), array([42], dtype=int64), array([43], dtype=int64), array([34], dtype=int64), array([19], dtype=int64), array([28], dtype=int64), array([2], dtype=int64), array([0], dtype=int64), array([57], dtype=int64), array([24], dtype=int64), array([41], dtype=int64), array([0], dtype=int64), array([37], dtype=int64), array([3], dtype=int64), array([0], dtype=int64)]","[92.02519226074219, 68.61573028564453, 91.00015258789062, 77.99840545654297, 74.99903869628906, 66.19270324707031, 62.720558166503906, 64.83454132080078, 56.91207504272461, 49.96946334838867, 55.88336944580078, 63.31770706176758, 37.51028823852539, 38.361289978027344, 42.723384857177734, 36.65265655517578, 33.237998962402344, 47.69569778442383, 32.28424835205078, 44.64493179321289, 20.43663215637207, 18.186113357543945, 26.265729904174805, 27.27863311767578, 28.2069091796875, 23.886070251464844, 22.346466064453125, 27.318363189697266, 28.36768341064453, 24.962127685546875, 27.33736801147461, 30.216796875, 31.087202072143555, 35.54554748535156, 30.34385108947754, 25.539104461669922, 25.700910568237305, 22.209720611572266, 20.105545043945312, 22.314668655395508, 18.996891021728516, 12.905366897583008, 16.37369728088379, 14.242584228515625, 16.26506805419922, 14.123446464538574, 43.537353515625, 41.24235916137695, 35.14330291748047, 26.866073608398438, 17.756250381469727, 3.6002156734466553, 54.7349853515625, 42.87795639038086, 43.14004898071289, -0.12962430715560913, 43.41329574584961, 0.43840694427490234, 6.24492073059082]"
71,[20],"[11, 9, 29, 16, 10, 14, 3, 2, 32, 18, 6, 22, 13, 21, 0, 49, 24, 1, 7, 37, 19, 17, 12, 30, 26, 27, 28, 56, 53, 34, 50, 38, 36, 52, 33, 31, 46, 15, 42, 44, 54, 35, 43, 23, 51, 40, 39, 55, 41, 45, 57, 8, 4, 58, 5, 59, 25, 47, 48]","[array([58], dtype=int64), array([70], dtype=int64), array([22], dtype=int64), array([60], dtype=int64), array([66], dtype=int64), array([40], dtype=int64), array([35], dtype=int64), array([40], dtype=int64), array([37], dtype=int64), array([38], dtype=int64), array([63], dtype=int64), array([32], dtype=int64), array([33], dtype=int64), array([35], dtype=int64), array([41], dtype=int64), array([54], dtype=int64), array([34], dtype=int64), array([62], dtype=int64), array([54], dtype=int64), array([14], dtype=int64), array([34], dtype=int64), array([33], dtype=int64), array([34], dtype=int64), array([29], dtype=int64), array([27], dtype=int64), array([30], dtype=int64), array([25], dtype=int64), array([5], dtype=int64), array([40], dtype=int64), array([9], dtype=int64), array([24], dtype=int64), array([21], dtype=int64), array([18], dtype=int64), array([22], dtype=int64), array([9], dtype=int64), array([40], dtype=int64), array([0], dtype=int64), array([42], dtype=int64), array([43], dtype=int64), array([34], dtype=int64), array([19], dtype=int64), array([18], dtype=int64), array([28], dtype=int64), array([30], dtype=int64), array([21], dtype=int64), array([22], dtype=int64), array([24], dtype=int64), array([2], dtype=int64), array([12], dtype=int64), array([1], dtype=int64), array([0], dtype=int64), array([57], dtype=int64), array([24], dtype=int64), array([0], dtype=int64), array([41], dtype=int64), array([0], dtype=int64), array([37], dtype=int64), array([3], dtype=int64), array([0], dtype=int64)]","[92.01924896240234, 82.12559509277344, 91.00023651123047, 74.15062713623047, 60.93509292602539, 63.45903396606445, 58.34032440185547, 56.97277069091797, 61.83379364013672, 46.88523864746094, 64.12205505371094, 41.222816467285156, 39.72218704223633, 36.46009826660156, 36.07670211791992, 35.86556625366211, 34.86421203613281, 52.29547119140625, 49.892250061035156, 28.75771713256836, 31.299266815185547, 28.969270706176758, 26.275747299194336, 23.889881134033203, 23.746458053588867, 28.26913070678711, 28.84364891052246, 21.964035034179688, 24.716283798217773, 30.607418060302734, 32.65837478637695, 29.177873611450195, 27.34162712097168, 23.00912857055664, 27.196706771850586, 22.50844955444336, 20.895414352416992, 19.953670501708984, 12.324576377868652, 40.71235275268555, 35.28450012207031, 34.088951110839844, 28.869970321655273, 25.347206115722656, 20.485811233520508, 19.888784408569336, 16.343544006347656, 20.279645919799805, 17.349720001220703, 5.392582893371582, 7.483100891113281, 56.096832275390625, 40.61457443237305, 3.551795721054077, 43.14004898071289, -0.12962430715560913, 43.41329574584961, 0.43840694427490234, 6.24492073059082]"
72,[4],"[16, 9, 14, 29, 10, 2, 32, 21, 6, 3, 11, 0, 22, 18, 13, 24, 49, 1, 19, 20, 17, 12, 51, 53, 36, 27, 30, 28, 34, 50, 26, 38, 52, 33, 46, 31, 57, 56, 37, 23, 40, 42, 7, 44, 54, 43, 35, 41, 45, 39, 55, 15, 58, 8, 5, 59, 25, 47, 48]","[array([60], dtype=int64), array([70], dtype=int64), array([40], dtype=int64), array([22], dtype=int64), array([66], dtype=int64), array([40], dtype=int64), array([37], dtype=int64), array([35], dtype=int64), array([63], dtype=int64), array([35], dtype=int64), array([58], dtype=int64), array([41], dtype=int64), array([32], dtype=int64), array([38], dtype=int64), array([33], dtype=int64), array([34], dtype=int64), array([54], dtype=int64), array([62], dtype=int64), array([34], dtype=int64), array([30], dtype=int64), array([33], dtype=int64), array([34], dtype=int64), array([21], dtype=int64), array([40], dtype=int64), array([18], dtype=int64), array([30], dtype=int64), array([29], dtype=int64), array([25], dtype=int64), array([9], dtype=int64), array([24], dtype=int64), array([27], dtype=int64), array([21], dtype=int64), array([22], dtype=int64), array([9], dtype=int64), array([0], dtype=int64), array([40], dtype=int64), array([0], dtype=int64), array([5], dtype=int64), array([14], dtype=int64), array([30], dtype=int64), array([22], dtype=int64), array([43], dtype=int64), array([54], dtype=int64), array([34], dtype=int64), array([19], dtype=int64), array([28], dtype=int64), array([18], dtype=int64), array([12], dtype=int64), array([1], dtype=int64), array([24], dtype=int64), array([2], dtype=int64), array([42], dtype=int64), array([0], dtype=int64), array([57], dtype=int64), array([41], dtype=int64), array([0], dtype=int64), array([37], dtype=int64), array([3], dtype=int64), array([0], dtype=int64)]","[92.60767364501953, 68.32514953613281, 57.696434020996094, 98.99980926513672, 63.06131362915039, 63.50786209106445, 55.841064453125, 97.99993133544922, 64.84266662597656, 53.53569030761719, 65.77401733398438, 38.59538650512695, 37.62138748168945, 37.54147720336914, 37.326019287109375, 35.23284149169922, 37.63981246948242, 44.61628341674805, 28.27100372314453, 31.306398391723633, 27.84511375427246, 26.546924591064453, 24.566604614257812, 26.292903900146484, 27.0421085357666, 32.097434997558594, 30.528236389160156, 28.695127487182617, 30.958740234375, 31.85286521911621, 30.439754486083984, 23.92080307006836, 28.308927536010742, 33.82414627075195, 22.433265686035156, 23.621740341186523, 18.171663284301758, 22.859954833984375, 23.012962341308594, 16.746749877929688, 16.12025260925293, 18.608421325683594, 49.262882232666016, 39.638877868652344, 35.835960388183594, 32.1134147644043, 30.423503875732422, 21.898632049560547, 20.261032104492188, 16.187602996826172, 11.467447280883789, 43.61598587036133, 1.7543948888778687, 57.39015579223633, 43.14004898071289, -0.12962430715560913, 43.41329574584961, 0.43840694427490234, 6.24492073059082]"
73,[17],"[16, 9, 14, 32, 10, 0, 29, 6, 18, 11, 2, 3, 22, 1, 21, 49, 24, 13, 19, 20, 30, 7, 38, 37, 12, 26, 28, 27, 23, 51, 40, 34, 44, 42, 45, 43, 50, 33, 56, 31, 15, 54, 35, 53, 39, 46, 55, 41, 8, 52, 36, 57, 4, 58, 5, 59, 25, 47, 48]","[array([60], dtype=int64), array([70], dtype=int64), array([40], dtype=int64), array([37], dtype=int64), array([66], dtype=int64), array([41], dtype=int64), array([22], dtype=int64), array([63], dtype=int64), array([38], dtype=int64), array([58], dtype=int64), array([40], dtype=int64), array([35], dtype=int64), array([32], dtype=int64), array([62], dtype=int64), array([35], dtype=int64), array([54], dtype=int64), array([34], dtype=int64), array([33], dtype=int64), array([34], dtype=int64), array([30], dtype=int64), array([29], dtype=int64), array([54], dtype=int64), array([21], dtype=int64), array([14], dtype=int64), array([34], dtype=int64), array([27], dtype=int64), array([25], dtype=int64), array([30], dtype=int64), array([30], dtype=int64), array([21], dtype=int64), array([22], dtype=int64), array([9], dtype=int64), array([34], dtype=int64), array([43], dtype=int64), array([1], dtype=int64), array([28], dtype=int64), array([24], dtype=int64), array([9], dtype=int64), array([5], dtype=int64), array([40], dtype=int64), array([42], dtype=int64), array([19], dtype=int64), array([18], dtype=int64), array([40], dtype=int64), array([24], dtype=int64), array([0], dtype=int64), array([2], dtype=int64), array([12], dtype=int64), array([57], dtype=int64), array([22], dtype=int64), array([18], dtype=int64), array([0], dtype=int64), array([24], dtype=int64), array([0], dtype=int64), array([41], dtype=int64), array([0], dtype=int64), array([37], dtype=int64), array([3], dtype=int64), array([0], dtype=int64)]","[92.29176330566406, 75.7564468383789, 60.07027816772461, 98.99991607666016, 98.99857330322266, 98.997802734375, 70.99989318847656, 68.0715560913086, 51.34507751464844, 63.260337829589844, 46.65296173095703, 43.18849182128906, 37.82337188720703, 48.2100830078125, 35.40848922729492, 36.923439025878906, 36.924720764160156, 39.43325424194336, 32.36594772338867, 31.421968460083008, 29.703468322753906, 47.225677490234375, 30.710208892822266, 29.02117347717285, 25.798948287963867, 28.762144088745117, 24.090423583984375, 26.72879981994629, 25.985088348388672, 24.89399528503418, 25.684476852416992, 27.707263946533203, 23.403398513793945, 31.271451950073242, 29.106117248535156, 31.89885902404785, 25.3807373046875, 20.40212631225586, 25.109098434448242, 39.78388977050781, 39.93427658081055, 34.484657287597656, 30.733444213867188, 18.86812973022461, 16.109176635742188, 31.01808738708496, 16.71356201171875, 14.33132266998291, 56.89991760253906, 7.20609188079834, 12.196276664733887, 3.424431085586548, 40.61457443237305, 3.551795721054077, 43.14004898071289, -0.12962430715560913, 43.41329574584961, 0.43840694427490234, 6.24492073059082]"
74,[55],"[11, 16, 53, 42, 19, 3, 9, 29, 22, 14, 17, 49, 37, 10, 2, 32, 0, 52, 44, 6, 18, 21, 1, 24, 13, 20, 7, 36, 43, 50, 23, 33, 12, 8, 56, 34, 38, 30, 28, 51, 46, 31, 35, 26, 27, 40, 39, 41, 45, 54, 57, 15, 4, 58, 5, 59, 25, 47, 48]","[array([58], dtype=int64), array([60], dtype=int64), array([40], dtype=int64), array([43], dtype=int64), array([34], dtype=int64), array([35], dtype=int64), array([70], dtype=int64), array([22], dtype=int64), array([32], dtype=int64), array([40], dtype=int64), array([33], dtype=int64), array([54], dtype=int64), array([14], dtype=int64), array([66], dtype=int64), array([40], dtype=int64), array([37], dtype=int64), array([41], dtype=int64), array([22], dtype=int64), array([34], dtype=int64), array([63], dtype=int64), array([38], dtype=int64), array([35], dtype=int64), array([62], dtype=int64), array([34], dtype=int64), array([33], dtype=int64), array([30], dtype=int64), array([54], dtype=int64), array([18], dtype=int64), array([28], dtype=int64), array([24], dtype=int64), array([30], dtype=int64), array([9], dtype=int64), array([34], dtype=int64), array([57], dtype=int64), array([5], dtype=int64), array([9], dtype=int64), array([21], dtype=int64), array([29], dtype=int64), array([25], dtype=int64), array([21], dtype=int64), array([0], dtype=int64), array([40], dtype=int64), array([18], dtype=int64), array([27], dtype=int64), array([30], dtype=int64), array([22], dtype=int64), array([24], dtype=int64), array([12], dtype=int64), array([1], dtype=int64), array([19], dtype=int64), array([0], dtype=int64), array([42], dtype=int64), array([24], dtype=int64), array([0], dtype=int64), array([41], dtype=int64), array([0], dtype=int64), array([37], dtype=int64), array([3], dtype=int64), array([0], dtype=int64)]","[92.08615112304688, 71.84504699707031, 69.38690185546875, 72.38813781738281, 65.04839324951172, 63.55802536010742, 53.9637451171875, 90.99989318847656, 66.22698211669922, 57.598453521728516, 50.32869338989258, 59.57940673828125, 54.353580474853516, 44.26430892944336, 55.69481658935547, 55.03810119628906, 49.904972076416016, 47.943538665771484, 41.4930419921875, 61.50934982299805, 43.26362609863281, 38.1313362121582, 44.9936637878418, 36.55424499511719, 33.61655807495117, 34.27278518676758, 55.62199020385742, 34.034732818603516, 31.87978172302246, 33.461341857910156, 27.493188858032227, 28.40479278564453, 28.957056045532227, 63.90909957885742, 24.344724655151367, 27.74970817565918, 24.445098876953125, 28.426477432250977, 21.512372970581055, 25.465333938598633, 30.516746520996094, 42.650760650634766, 34.72978973388672, 25.783584594726562, 26.069015502929688, 18.184228897094727, 17.17493438720703, 21.795536041259766, 18.954137802124023, 29.2718505859375, 13.517644882202148, 41.19806671142578, 40.61457443237305, 3.551795721054077, 43.14004898071289, -0.12962430715560913, 43.41329574584961, 0.43840694427490234, 6.24492073059082]"
75,[28],"[16, 10, 49, 25, 29, 14, 3, 9, 0, 2, 13, 32, 6, 22, 18, 11, 21, 24, 1, 38, 12, 19, 20, 17, 37, 30, 27, 26, 51, 33, 23, 46, 35, 34, 31, 42, 57, 45, 7, 44, 50, 54, 43, 40, 39, 55, 56, 53, 41, 15, 52, 58, 8, 36, 4, 5, 59, 47, 48]","[array([60], dtype=int64), array([66], dtype=int64), array([54], dtype=int64), array([37], dtype=int64), array([22], dtype=int64), array([40], dtype=int64), array([35], dtype=int64), array([70], dtype=int64), array([41], dtype=int64), array([40], dtype=int64), array([33], dtype=int64), array([37], dtype=int64), array([63], dtype=int64), array([32], dtype=int64), array([38], dtype=int64), array([58], dtype=int64), array([35], dtype=int64), array([34], dtype=int64), array([62], dtype=int64), array([21], dtype=int64), array([34], dtype=int64), array([34], dtype=int64), array([30], dtype=int64), array([33], dtype=int64), array([14], dtype=int64), array([29], dtype=int64), array([30], dtype=int64), array([27], dtype=int64), array([21], dtype=int64), array([9], dtype=int64), array([30], dtype=int64), array([0], dtype=int64), array([18], dtype=int64), array([9], dtype=int64), array([40], dtype=int64), array([43], dtype=int64), array([0], dtype=int64), array([1], dtype=int64), array([54], dtype=int64), array([34], dtype=int64), array([24], dtype=int64), array([19], dtype=int64), array([28], dtype=int64), array([22], dtype=int64), array([24], dtype=int64), array([2], dtype=int64), array([5], dtype=int64), array([40], dtype=int64), array([12], dtype=int64), array([42], dtype=int64), array([22], dtype=int64), array([0], dtype=int64), array([57], dtype=int64), array([18], dtype=int64), array([24], dtype=int64), array([41], dtype=int64), array([0], dtype=int64), array([3], dtype=int64), array([0], dtype=int64)]","[93.06600952148438, 67.71321868896484, 98.9997329711914, 77.69297790527344, 91.00010681152344, 67.97574615478516, 63.884033203125, 65.7248764038086, 51.26027297973633, 47.42768859863281, 42.47620391845703, 53.49504852294922, 67.10746765136719, 42.417362213134766, 41.751869201660156, 63.009273529052734, 36.67189407348633, 34.547035217285156, 58.71514129638672, 29.044355392456055, 27.765628814697266, 29.32986068725586, 27.40096664428711, 31.24597930908203, 25.568872451782227, 26.077165603637695, 27.428438186645508, 28.538990020751953, 24.306785583496094, 23.57493782043457, 23.43327522277832, 17.52344512939453, 20.698421478271484, 19.964338302612305, 19.92292594909668, 17.64546775817871, 34.723819732666016, 22.390981674194336, 59.23866653442383, 38.95539093017578, 34.763145446777344, 36.9207763671875, 31.488689422607422, 20.802371978759766, 20.976160049438477, 17.20123863220215, 17.788759231567383, 18.85124397277832, 15.748896598815918, 45.8309211730957, 10.543146133422852, 1.79025137424469, 54.90913391113281, 13.213297843933105, 41.03927993774414, 48.02171325683594, -1.2786105871200562, 0.43840694427490234, 6.24492073059082]"
76,[23],"[16, 3, 28, 9, 14, 29, 49, 2, 0, 10, 13, 32, 18, 6, 11, 21, 22, 24, 1, 19, 7, 20, 17, 53, 34, 37, 36, 50, 33, 52, 12, 56, 30, 26, 27, 38, 45, 46, 31, 51, 57, 40, 15, 42, 44, 54, 43, 35, 39, 55, 41, 8, 4, 58, 5, 59, 25, 47, 48]","[array([60], dtype=int64), array([35], dtype=int64), array([25], dtype=int64), array([70], dtype=int64), array([40], dtype=int64), array([22], dtype=int64), array([54], dtype=int64), array([40], dtype=int64), array([41], dtype=int64), array([66], dtype=int64), array([33], dtype=int64), array([37], dtype=int64), array([38], dtype=int64), array([63], dtype=int64), array([58], dtype=int64), array([35], dtype=int64), array([32], dtype=int64), array([34], dtype=int64), array([62], dtype=int64), array([34], dtype=int64), array([54], dtype=int64), array([30], dtype=int64), array([33], dtype=int64), array([40], dtype=int64), array([9], dtype=int64), array([14], dtype=int64), array([18], dtype=int64), array([24], dtype=int64), array([9], dtype=int64), array([22], dtype=int64), array([34], dtype=int64), array([5], dtype=int64), array([29], dtype=int64), array([27], dtype=int64), array([30], dtype=int64), array([21], dtype=int64), array([1], dtype=int64), array([0], dtype=int64), array([40], dtype=int64), array([21], dtype=int64), array([0], dtype=int64), array([22], dtype=int64), array([42], dtype=int64), array([43], dtype=int64), array([34], dtype=int64), array([19], dtype=int64), array([28], dtype=int64), array([18], dtype=int64), array([24], dtype=int64), array([2], dtype=int64), array([12], dtype=int64), array([57], dtype=int64), array([24], dtype=int64), array([0], dtype=int64), array([41], dtype=int64), array([0], dtype=int64), array([37], dtype=int64), array([3], dtype=int64), array([0], dtype=int64)]","[93.11199951171875, 68.443603515625, 80.9987564086914, 59.393798828125, 63.35417175292969, 91.00023651123047, 54.39926528930664, 48.451385498046875, 48.771026611328125, 44.29184341430664, 42.91315841674805, 51.99755859375, 48.94813537597656, 61.89228057861328, 64.4847412109375, 38.36123275756836, 36.98538589477539, 33.85992431640625, 41.44071960449219, 30.32627296447754, 52.69027328491211, 30.35015106201172, 28.898714065551758, 28.130590438842773, 34.26966094970703, 32.35022735595703, 29.0306396484375, 30.09830665588379, 31.626033782958984, 31.242937088012695, 34.49491882324219, 25.758115768432617, 26.863088607788086, 28.23899269104004, 26.422019958496094, 23.281373977661133, 22.05467987060547, 18.96816635131836, 18.229061126708984, 15.607654571533203, 13.029458999633789, 16.988542556762695, 15.779470443725586, 48.91918182373047, 41.827789306640625, 35.34547424316406, 31.221521377563477, 34.35213088989258, 16.762798309326172, 17.588031768798828, 13.767167091369629, 56.096832275390625, 40.61457443237305, 3.551795721054077, 43.14004898071289, -0.12962430715560913, 43.41329574584961, 0.43840694427490234, 6.24492073059082]"
77,[51],"[11, 3, 29, 9, 16, 10, 14, 2, 32, 18, 6, 13, 0, 21, 49, 1, 22, 24, 37, 7, 19, 12, 17, 20, 23, 34, 30, 27, 28, 26, 45, 31, 38, 53, 33, 36, 56, 50, 52, 46, 57, 40, 15, 42, 44, 54, 43, 35, 39, 55, 41, 8, 4, 58, 5, 59, 25, 47, 48]","[array([58], dtype=int64), array([35], dtype=int64), array([22], dtype=int64), array([70], dtype=int64), array([60], dtype=int64), array([66], dtype=int64), array([40], dtype=int64), array([40], dtype=int64), array([37], dtype=int64), array([38], dtype=int64), array([63], dtype=int64), array([33], dtype=int64), array([41], dtype=int64), array([35], dtype=int64), array([54], dtype=int64), array([62], dtype=int64), array([32], dtype=int64), array([34], dtype=int64), array([14], dtype=int64), array([54], dtype=int64), array([34], dtype=int64), array([34], dtype=int64), array([33], dtype=int64), array([30], dtype=int64), array([30], dtype=int64), array([9], dtype=int64), array([29], dtype=int64), array([30], dtype=int64), array([25], dtype=int64), array([27], dtype=int64), array([1], dtype=int64), array([40], dtype=int64), array([21], dtype=int64), array([40], dtype=int64), array([9], dtype=int64), array([18], dtype=int64), array([5], dtype=int64), array([24], dtype=int64), array([22], dtype=int64), array([0], dtype=int64), array([0], dtype=int64), array([22], dtype=int64), array([42], dtype=int64), array([43], dtype=int64), array([34], dtype=int64), array([19], dtype=int64), array([28], dtype=int64), array([18], dtype=int64), array([24], dtype=int64), array([2], dtype=int64), array([12], dtype=int64), array([57], dtype=int64), array([24], dtype=int64), array([0], dtype=int64), array([41], dtype=int64), array([0], dtype=int64), array([37], dtype=int64), array([3], dtype=int64), array([0], dtype=int64)]","[92.04290008544922, 61.30466079711914, 90.99993133544922, 29.000240325927734, 68.42434692382812, 57.51973342895508, 62.00144577026367, 55.995487213134766, 51.05044174194336, 48.11677169799805, 63.37315368652344, 37.320430755615234, 42.549652099609375, 38.264713287353516, 37.89330291748047, 48.79615783691406, 34.09471893310547, 32.595245361328125, 28.09126091003418, 49.0567741394043, 26.963930130004883, 25.638174057006836, 24.256160736083984, 25.246179580688477, 23.579355239868164, 21.851261138916016, 24.1200008392334, 24.75006866455078, 27.15435028076172, 28.824432373046875, 21.65974998474121, 18.274791717529297, 15.409622192382812, 15.481990814208984, 23.648000717163086, 30.70703887939453, 22.383710861206055, 20.593101501464844, 21.03446388244629, 16.110654830932617, 13.029458999633789, 16.988542556762695, 15.779470443725586, 48.91918182373047, 41.827789306640625, 35.34547424316406, 31.221521377563477, 34.35213088989258, 16.762798309326172, 17.588031768798828, 13.767167091369629, 56.096832275390625, 40.61457443237305, 3.551795721054077, 43.14004898071289, -0.12962430715560913, 43.41329574584961, 0.43840694427490234, 6.24492073059082]"
78,[52],"[11, 3, 49, 29, 14, 0, 9, 16, 10, 2, 32, 18, 6, 21, 22, 13, 1, 24, 7, 38, 19, 12, 20, 53, 30, 27, 17, 34, 50, 28, 26, 33, 36, 51, 46, 56, 37, 31, 23, 40, 39, 45, 35, 8, 41, 15, 42, 54, 43, 44, 57, 58, 55, 4, 5, 59, 25, 47, 48]","[array([58], dtype=int64), array([35], dtype=int64), array([54], dtype=int64), array([22], dtype=int64), array([40], dtype=int64), array([41], dtype=int64), array([70], dtype=int64), array([60], dtype=int64), array([66], dtype=int64), array([40], dtype=int64), array([37], dtype=int64), array([38], dtype=int64), array([63], dtype=int64), array([35], dtype=int64), array([32], dtype=int64), array([33], dtype=int64), array([62], dtype=int64), array([34], dtype=int64), array([54], dtype=int64), array([21], dtype=int64), array([34], dtype=int64), array([34], dtype=int64), array([30], dtype=int64), array([40], dtype=int64), array([29], dtype=int64), array([30], dtype=int64), array([33], dtype=int64), array([9], dtype=int64), array([24], dtype=int64), array([25], dtype=int64), array([27], dtype=int64), array([9], dtype=int64), array([18], dtype=int64), array([21], dtype=int64), array([0], dtype=int64), array([5], dtype=int64), array([14], dtype=int64), array([40], dtype=int64), array([30], dtype=int64), array([22], dtype=int64), array([24], dtype=int64), array([1], dtype=int64), array([18], dtype=int64), array([57], dtype=int64), array([12], dtype=int64), array([42], dtype=int64), array([43], dtype=int64), array([19], dtype=int64), array([28], dtype=int64), array([34], dtype=int64), array([0], dtype=int64), array([0], dtype=int64), array([2], dtype=int64), array([24], dtype=int64), array([41], dtype=int64), array([0], dtype=int64), array([37], dtype=int64), array([3], dtype=int64), array([0], dtype=int64)]","[92.08576965332031, 61.01345443725586, 98.99995422363281, 98.9999008178711, 66.84781646728516, 54.6190071105957, 53.14691162109375, 67.35250854492188, 57.70151901245117, 56.57453536987305, 63.94240188598633, 50.098567962646484, 63.8032341003418, 38.61227798461914, 36.7540397644043, 37.488590240478516, 51.767730712890625, 33.40831756591797, 51.50005340576172, 28.85131072998047, 26.525779724121094, 26.425928115844727, 26.08096694946289, 26.2087459564209, 33.826515197753906, 31.673601150512695, 31.3126277923584, 29.754955291748047, 31.905479431152344, 29.528076171875, 29.181407928466797, 25.927610397338867, 30.25907325744629, 20.27255630493164, 22.072689056396484, 22.562108993530273, 21.03238296508789, 23.672866821289062, 14.788372039794922, 17.17368507385254, 15.211064338684082, 18.09376335144043, 17.655704498291016, 61.93875503540039, 15.968600273132324, 16.810617446899414, 8.503473281860352, 35.64678192138672, 31.21434211730957, 35.61238479614258, 5.684863567352295, 1.5956032276153564, 17.237548828125, 42.87795639038086, 43.14004898071289, -0.12962430715560913, 43.41329574584961, 0.43840694427490234, 6.24492073059082]"
79,[9],"[1, 10, 53, 16, 55, 42, 49, 24, 2, 0, 29, 14, 17, 22, 6, 31, 52, 13, 3, 32, 11, 18, 21, 34, 19, 7, 12, 36, 44, 50, 43, 37, 33, 38, 40, 28, 30, 56, 20, 15, 54, 46, 35, 23, 27, 26, 51, 39, 41, 45, 57, 8, 4, 58, 5, 59, 25, 47, 48]","[array([62], dtype=int64), array([66], dtype=int64), array([40], dtype=int64), array([60], dtype=int64), array([2], dtype=int64), array([43], dtype=int64), array([54], dtype=int64), array([34], dtype=int64), array([40], dtype=int64), array([41], dtype=int64), array([22], dtype=int64), array([40], dtype=int64), array([33], dtype=int64), array([32], dtype=int64), array([63], dtype=int64), array([40], dtype=int64), array([22], dtype=int64), array([33], dtype=int64), array([35], dtype=int64), array([37], dtype=int64), array([58], dtype=int64), array([38], dtype=int64), array([35], dtype=int64), array([9], dtype=int64), array([34], dtype=int64), array([54], dtype=int64), array([34], dtype=int64), array([18], dtype=int64), array([34], dtype=int64), array([24], dtype=int64), array([28], dtype=int64), array([14], dtype=int64), array([9], dtype=int64), array([21], dtype=int64), array([22], dtype=int64), array([25], dtype=int64), array([29], dtype=int64), array([5], dtype=int64), array([30], dtype=int64), array([42], dtype=int64), array([19], dtype=int64), array([0], dtype=int64), array([18], dtype=int64), array([30], dtype=int64), array([30], dtype=int64), array([27], dtype=int64), array([21], dtype=int64), array([24], dtype=int64), array([12], dtype=int64), array([1], dtype=int64), array([0], dtype=int64), array([57], dtype=int64), array([24], dtype=int64), array([0], dtype=int64), array([41], dtype=int64), array([0], dtype=int64), array([37], dtype=int64), array([3], dtype=int64), array([0], dtype=int64)]","[77.46245574951172, 71.60082244873047, 93.99989318847656, 70.50497436523438, 65.23822784423828, 72.74080657958984, 71.67411804199219, 67.66548156738281, 62.46928024291992, 61.65814971923828, 90.99983215332031, 61.5100212097168, 52.84978103637695, 49.55288314819336, 59.82509231567383, 45.845558166503906, 53.33538818359375, 57.6814079284668, 46.248199462890625, 61.62156295776367, 66.06880187988281, 43.33162307739258, 41.03099060058594, 35.536624908447266, 30.650249481201172, 43.35390853881836, 27.541826248168945, 30.071849822998047, 31.169408798217773, 30.24384117126465, 28.705602645874023, 30.274934768676758, 29.423830032348633, 23.808198928833008, 23.68100357055664, 21.242671966552734, 25.00336265563965, 31.350143432617188, 26.166990280151367, 28.60396385192871, 31.93038558959961, 31.317583084106445, 33.64219284057617, 25.555553436279297, 23.025136947631836, 24.14794158935547, 19.84369659423828, 17.18007469177246, 17.349720001220703, 5.392582893371582, 7.483100891113281, 56.096832275390625, 40.61457443237305, 3.551795721054077, 43.14004898071289, -0.12962430715560913, 43.41329574584961, 0.43840694427490234, 6.24492073059082]"
80,[17],"[16, 9, 14, 32, 10, 0, 29, 6, 18, 11, 2, 3, 22, 1, 21, 49, 24, 13, 19, 20, 30, 7, 38, 37, 12, 26, 28, 27, 23, 51, 40, 34, 44, 42, 45, 43, 50, 33, 56, 31, 15, 54, 35, 53, 39, 46, 55, 41, 8, 52, 36, 57, 4, 58, 5, 59, 25, 47, 48]","[array([60], dtype=int64), array([70], dtype=int64), array([40], dtype=int64), array([37], dtype=int64), array([66], dtype=int64), array([41], dtype=int64), array([22], dtype=int64), array([63], dtype=int64), array([38], dtype=int64), array([58], dtype=int64), array([40], dtype=int64), array([35], dtype=int64), array([32], dtype=int64), array([62], dtype=int64), array([35], dtype=int64), array([54], dtype=int64), array([34], dtype=int64), array([33], dtype=int64), array([34], dtype=int64), array([30], dtype=int64), array([29], dtype=int64), array([54], dtype=int64), array([21], dtype=int64), array([14], dtype=int64), array([34], dtype=int64), array([27], dtype=int64), array([25], dtype=int64), array([30], dtype=int64), array([30], dtype=int64), array([21], dtype=int64), array([22], dtype=int64), array([9], dtype=int64), array([34], dtype=int64), array([43], dtype=int64), array([1], dtype=int64), array([28], dtype=int64), array([24], dtype=int64), array([9], dtype=int64), array([5], dtype=int64), array([40], dtype=int64), array([42], dtype=int64), array([19], dtype=int64), array([18], dtype=int64), array([40], dtype=int64), array([24], dtype=int64), array([0], dtype=int64), array([2], dtype=int64), array([12], dtype=int64), array([57], dtype=int64), array([22], dtype=int64), array([18], dtype=int64), array([0], dtype=int64), array([24], dtype=int64), array([0], dtype=int64), array([41], dtype=int64), array([0], dtype=int64), array([37], dtype=int64), array([3], dtype=int64), array([0], dtype=int64)]","[92.29176330566406, 75.7564468383789, 60.07027816772461, 98.99991607666016, 98.99857330322266, 98.997802734375, 70.99989318847656, 68.0715560913086, 51.34507751464844, 63.260337829589844, 46.65296173095703, 43.18849182128906, 37.82337188720703, 48.2100830078125, 35.40848922729492, 36.923439025878906, 36.924720764160156, 39.43325424194336, 32.36594772338867, 31.421968460083008, 29.703468322753906, 47.225677490234375, 30.710208892822266, 29.02117347717285, 25.798948287963867, 28.762144088745117, 24.090423583984375, 26.72879981994629, 25.985088348388672, 24.89399528503418, 25.684476852416992, 27.707263946533203, 23.403398513793945, 31.271451950073242, 29.106117248535156, 31.89885902404785, 25.3807373046875, 20.40212631225586, 25.109098434448242, 39.78388977050781, 39.93427658081055, 34.484657287597656, 30.733444213867188, 18.86812973022461, 16.109176635742188, 31.01808738708496, 16.71356201171875, 14.33132266998291, 56.89991760253906, 7.20609188079834, 12.196276664733887, 3.424431085586548, 40.61457443237305, 3.551795721054077, 43.14004898071289, -0.12962430715560913, 43.41329574584961, 0.43840694427490234, 6.24492073059082]"
81,[32],"[11, 3, 9, 36, 28, 10, 49, 12, 16, 14, 2, 6, 18, 13, 22, 21, 0, 24, 1, 7, 19, 17, 20, 53, 50, 52, 29, 33, 30, 26, 38, 27, 34, 51, 46, 56, 37, 31, 23, 40, 39, 45, 35, 8, 41, 15, 42, 54, 43, 44, 57, 58, 55, 4, 5, 59, 25, 47, 48]","[array([58], dtype=int64), array([35], dtype=int64), array([70], dtype=int64), array([18], dtype=int64), array([25], dtype=int64), array([66], dtype=int64), array([54], dtype=int64), array([34], dtype=int64), array([60], dtype=int64), array([40], dtype=int64), array([40], dtype=int64), array([63], dtype=int64), array([38], dtype=int64), array([33], dtype=int64), array([32], dtype=int64), array([35], dtype=int64), array([41], dtype=int64), array([34], dtype=int64), array([62], dtype=int64), array([54], dtype=int64), array([34], dtype=int64), array([33], dtype=int64), array([30], dtype=int64), array([40], dtype=int64), array([24], dtype=int64), array([22], dtype=int64), array([22], dtype=int64), array([9], dtype=int64), array([29], dtype=int64), array([27], dtype=int64), array([21], dtype=int64), array([30], dtype=int64), array([9], dtype=int64), array([21], dtype=int64), array([0], dtype=int64), array([5], dtype=int64), array([14], dtype=int64), array([40], dtype=int64), array([30], dtype=int64), array([22], dtype=int64), array([24], dtype=int64), array([1], dtype=int64), array([18], dtype=int64), array([57], dtype=int64), array([12], dtype=int64), array([42], dtype=int64), array([43], dtype=int64), array([19], dtype=int64), array([28], dtype=int64), array([34], dtype=int64), array([0], dtype=int64), array([0], dtype=int64), array([2], dtype=int64), array([24], dtype=int64), array([41], dtype=int64), array([0], dtype=int64), array([37], dtype=int64), array([3], dtype=int64), array([0], dtype=int64)]","[83.11791229248047, 61.19828414916992, 29.00002670288086, 56.997459411621094, 80.998779296875, 78.00007629394531, 79.0003890991211, 74.99785614013672, 61.454036712646484, 60.51436996459961, 54.52370834350586, 64.4990463256836, 49.732357025146484, 41.255619049072266, 41.63062286376953, 38.35913848876953, 44.971858978271484, 33.36986541748047, 55.23509216308594, 50.722007751464844, 27.678903579711914, 27.61737632751465, 28.45802116394043, 26.800500869750977, 32.36492156982422, 32.86048889160156, 33.622833251953125, 29.607391357421875, 30.843830108642578, 25.5692195892334, 32.53290939331055, 24.74114418029785, 22.02444076538086, 20.27255630493164, 22.072689056396484, 22.562108993530273, 21.03238296508789, 23.672866821289062, 14.788372039794922, 17.17368507385254, 15.211064338684082, 18.09376335144043, 17.655704498291016, 61.93875503540039, 15.968600273132324, 16.810617446899414, 8.503473281860352, 35.64678192138672, 31.21434211730957, 35.61238479614258, 5.684863567352295, 1.5956032276153564, 17.237548828125, 42.87795639038086, 43.14004898071289, -0.12962430715560913, 43.41329574584961, 0.43840694427490234, 6.24492073059082]"
82,[9],"[1, 10, 53, 16, 55, 42, 49, 24, 2, 0, 29, 14, 17, 22, 6, 31, 52, 13, 3, 32, 11, 18, 21, 34, 19, 7, 12, 36, 44, 50, 43, 37, 33, 38, 40, 28, 30, 56, 20, 15, 54, 46, 35, 23, 27, 26, 51, 39, 41, 45, 57, 8, 4, 58, 5, 59, 25, 47, 48]","[array([62], dtype=int64), array([66], dtype=int64), array([40], dtype=int64), array([60], dtype=int64), array([2], dtype=int64), array([43], dtype=int64), array([54], dtype=int64), array([34], dtype=int64), array([40], dtype=int64), array([41], dtype=int64), array([22], dtype=int64), array([40], dtype=int64), array([33], dtype=int64), array([32], dtype=int64), array([63], dtype=int64), array([40], dtype=int64), array([22], dtype=int64), array([33], dtype=int64), array([35], dtype=int64), array([37], dtype=int64), array([58], dtype=int64), array([38], dtype=int64), array([35], dtype=int64), array([9], dtype=int64), array([34], dtype=int64), array([54], dtype=int64), array([34], dtype=int64), array([18], dtype=int64), array([34], dtype=int64), array([24], dtype=int64), array([28], dtype=int64), array([14], dtype=int64), array([9], dtype=int64), array([21], dtype=int64), array([22], dtype=int64), array([25], dtype=int64), array([29], dtype=int64), array([5], dtype=int64), array([30], dtype=int64), array([42], dtype=int64), array([19], dtype=int64), array([0], dtype=int64), array([18], dtype=int64), array([30], dtype=int64), array([30], dtype=int64), array([27], dtype=int64), array([21], dtype=int64), array([24], dtype=int64), array([12], dtype=int64), array([1], dtype=int64), array([0], dtype=int64), array([57], dtype=int64), array([24], dtype=int64), array([0], dtype=int64), array([41], dtype=int64), array([0], dtype=int64), array([37], dtype=int64), array([3], dtype=int64), array([0], dtype=int64)]","[77.46245574951172, 71.60082244873047, 93.99989318847656, 70.50497436523438, 65.23822784423828, 72.74080657958984, 71.67411804199219, 67.66548156738281, 62.46928024291992, 61.65814971923828, 90.99983215332031, 61.5100212097168, 52.84978103637695, 49.55288314819336, 59.82509231567383, 45.845558166503906, 53.33538818359375, 57.6814079284668, 46.248199462890625, 61.62156295776367, 66.06880187988281, 43.33162307739258, 41.03099060058594, 35.536624908447266, 30.650249481201172, 43.35390853881836, 27.541826248168945, 30.071849822998047, 31.169408798217773, 30.24384117126465, 28.705602645874023, 30.274934768676758, 29.423830032348633, 23.808198928833008, 23.68100357055664, 21.242671966552734, 25.00336265563965, 31.350143432617188, 26.166990280151367, 28.60396385192871, 31.93038558959961, 31.317583084106445, 33.64219284057617, 25.555553436279297, 23.025136947631836, 24.14794158935547, 19.84369659423828, 17.18007469177246, 17.349720001220703, 5.392582893371582, 7.483100891113281, 56.096832275390625, 40.61457443237305, 3.551795721054077, 43.14004898071289, -0.12962430715560913, 43.41329574584961, 0.43840694427490234, 6.24492073059082]"
83,[31],"[16, 10, 32, 29, 3, 9, 14, 18, 2, 6, 11, 13, 0, 21, 1, 49, 22, 24, 7, 19, 12, 58, 20, 17, 30, 37, 53, 34, 50, 36, 27, 28, 26, 33, 52, 38, 46, 56, 51, 42, 44, 54, 15, 35, 43, 23, 40, 39, 55, 41, 45, 57, 8, 4, 5, 59, 25, 47, 48]","[array([60], dtype=int64), array([66], dtype=int64), array([37], dtype=int64), array([22], dtype=int64), array([35], dtype=int64), array([70], dtype=int64), array([40], dtype=int64), array([38], dtype=int64), array([40], dtype=int64), array([63], dtype=int64), array([58], dtype=int64), array([33], dtype=int64), array([41], dtype=int64), array([35], dtype=int64), array([62], dtype=int64), array([54], dtype=int64), array([32], dtype=int64), array([34], dtype=int64), array([54], dtype=int64), array([34], dtype=int64), array([34], dtype=int64), array([0], dtype=int64), array([30], dtype=int64), array([33], dtype=int64), array([29], dtype=int64), array([14], dtype=int64), array([40], dtype=int64), array([9], dtype=int64), array([24], dtype=int64), array([18], dtype=int64), array([30], dtype=int64), array([25], dtype=int64), array([27], dtype=int64), array([9], dtype=int64), array([22], dtype=int64), array([21], dtype=int64), array([0], dtype=int64), array([5], dtype=int64), array([21], dtype=int64), array([43], dtype=int64), array([34], dtype=int64), array([19], dtype=int64), array([42], dtype=int64), array([18], dtype=int64), array([28], dtype=int64), array([30], dtype=int64), array([22], dtype=int64), array([24], dtype=int64), array([2], dtype=int64), array([12], dtype=int64), array([1], dtype=int64), array([0], dtype=int64), array([57], dtype=int64), array([24], dtype=int64), array([41], dtype=int64), array([0], dtype=int64), array([37], dtype=int64), array([3], dtype=int64), array([0], dtype=int64)]","[93.65333557128906, 81.03141784667969, 99.00003051757812, 91.00016021728516, 61.50668716430664, 62.358036041259766, 67.67188262939453, 50.4396858215332, 56.845298767089844, 59.063148498535156, 66.30583190917969, 41.070777893066406, 39.57237243652344, 37.360931396484375, 51.8296012878418, 36.15486526489258, 36.96934509277344, 36.08747100830078, 48.622894287109375, 26.614826202392578, 33.20277786254883, 19.058931350708008, 28.944108963012695, 30.15062713623047, 28.071382522583008, 32.0586051940918, 23.408428192138672, 30.2896728515625, 35.39565658569336, 23.761442184448242, 25.008337020874023, 30.4288387298584, 31.387523651123047, 23.789953231811523, 31.411909103393555, 26.292299270629883, 21.625898361206055, 19.3416690826416, 16.337675094604492, 12.881773948669434, 42.35975646972656, 36.07585144042969, 46.092529296875, 32.694095611572266, 29.471548080444336, 23.108802795410156, 19.24901008605957, 17.272014617919922, 18.260347366333008, 15.159357070922852, 6.301981449127197, 3.6002156734466553, 54.7349853515625, 42.87795639038086, 43.14004898071289, -0.12962430715560913, 43.41329574584961, 0.43840694427490234, 6.24492073059082]"
84,[46],"[16, 9, 14, 49, 42, 17, 2, 0, 10, 13, 32, 22, 29, 53, 6, 52, 51, 11, 31, 3, 35, 12, 18, 21, 24, 1, 19, 7, 56, 36, 20, 50, 34, 30, 28, 26, 27, 57, 37, 33, 38, 44, 15, 54, 43, 23, 40, 39, 41, 55, 45, 8, 4, 58, 5, 59, 25, 47, 48]","[array([60], dtype=int64), array([70], dtype=int64), array([40], dtype=int64), array([54], dtype=int64), array([43], dtype=int64), array([33], dtype=int64), array([40], dtype=int64), array([41], dtype=int64), array([66], dtype=int64), array([33], dtype=int64), array([37], dtype=int64), array([32], dtype=int64), array([22], dtype=int64), array([40], dtype=int64), array([63], dtype=int64), array([22], dtype=int64), array([21], dtype=int64), array([58], dtype=int64), array([40], dtype=int64), array([35], dtype=int64), array([18], dtype=int64), array([34], dtype=int64), array([38], dtype=int64), array([35], dtype=int64), array([34], dtype=int64), array([62], dtype=int64), array([34], dtype=int64), array([54], dtype=int64), array([5], dtype=int64), array([18], dtype=int64), array([30], dtype=int64), array([24], dtype=int64), array([9], dtype=int64), array([29], dtype=int64), array([25], dtype=int64), array([27], dtype=int64), array([30], dtype=int64), array([0], dtype=int64), array([14], dtype=int64), array([9], dtype=int64), array([21], dtype=int64), array([34], dtype=int64), array([42], dtype=int64), array([19], dtype=int64), array([28], dtype=int64), array([30], dtype=int64), array([22], dtype=int64), array([24], dtype=int64), array([12], dtype=int64), array([2], dtype=int64), array([1], dtype=int64), array([57], dtype=int64), array([24], dtype=int64), array([0], dtype=int64), array([41], dtype=int64), array([0], dtype=int64), array([37], dtype=int64), array([3], dtype=int64), array([0], dtype=int64)]","[92.76687622070312, 82.66014099121094, 81.21864318847656, 98.99992370605469, 69.21874237060547, 67.31541442871094, 48.605873107910156, 48.25004577636719, 43.637901306152344, 42.70878982543945, 55.763214111328125, 54.08664321899414, 91.00008392333984, 47.67729187011719, 64.10517120361328, 43.942626953125, 42.29907989501953, 61.58974838256836, 42.0372428894043, 42.39921188354492, 43.29954147338867, 38.71418380737305, 43.7967414855957, 36.91584014892578, 33.24279022216797, 39.5848503112793, 29.948589324951172, 53.98648452758789, 28.329444885253906, 25.531648635864258, 36.2084846496582, 27.689224243164062, 27.032684326171875, 25.534114837646484, 29.063026428222656, 27.4780216217041, 26.293113708496094, 41.40850830078125, 41.67715835571289, 27.592790603637695, 24.25850486755371, 24.534400939941406, 44.81566619873047, 33.41471862792969, 29.445816040039062, 23.102262496948242, 19.071842193603516, 17.217912673950195, 14.227901458740234, 14.190872192382812, 8.084990501403809, 56.096832275390625, 40.61457443237305, 3.551795721054077, 43.14004898071289, -0.12962430715560913, 43.41329574584961, 0.43840694427490234, 6.24492073059082]"
85,[12],"[11, 9, 34, 53, 10, 3, 0, 16, 14, 2, 18, 32, 21, 6, 22, 13, 1, 49, 24, 7, 29, 36, 38, 50, 52, 19, 17, 37, 20, 33, 30, 26, 46, 28, 27, 56, 31, 15, 42, 44, 54, 35, 43, 23, 51, 40, 39, 55, 41, 45, 57, 8, 4, 58, 5, 59, 25, 47, 48]","[array([58], dtype=int64), array([70], dtype=int64), array([9], dtype=int64), array([40], dtype=int64), array([66], dtype=int64), array([35], dtype=int64), array([41], dtype=int64), array([60], dtype=int64), array([40], dtype=int64), array([40], dtype=int64), array([38], dtype=int64), array([37], dtype=int64), array([35], dtype=int64), array([63], dtype=int64), array([32], dtype=int64), array([33], dtype=int64), array([62], dtype=int64), array([54], dtype=int64), array([34], dtype=int64), array([54], dtype=int64), array([22], dtype=int64), array([18], dtype=int64), array([21], dtype=int64), array([24], dtype=int64), array([22], dtype=int64), array([34], dtype=int64), array([33], dtype=int64), array([14], dtype=int64), array([30], dtype=int64), array([9], dtype=int64), array([29], dtype=int64), array([27], dtype=int64), array([0], dtype=int64), array([25], dtype=int64), array([30], dtype=int64), array([5], dtype=int64), array([40], dtype=int64), array([42], dtype=int64), array([43], dtype=int64), array([34], dtype=int64), array([19], dtype=int64), array([18], dtype=int64), array([28], dtype=int64), array([30], dtype=int64), array([21], dtype=int64), array([22], dtype=int64), array([24], dtype=int64), array([2], dtype=int64), array([12], dtype=int64), array([1], dtype=int64), array([0], dtype=int64), array([57], dtype=int64), array([24], dtype=int64), array([0], dtype=int64), array([41], dtype=int64), array([0], dtype=int64), array([37], dtype=int64), array([3], dtype=int64), array([0], dtype=int64)]","[92.11814880371094, 76.64495086669922, 91.00020599365234, 93.99962615966797, 99.00017547607422, 97.99961853027344, 98.9969253540039, 65.34284210205078, 65.95854187011719, 54.32820129394531, 50.45740509033203, 48.27960968017578, 37.403526306152344, 60.741573333740234, 34.93351745605469, 38.34535217285156, 40.390071868896484, 38.464107513427734, 33.729148864746094, 47.709228515625, 91.00019836425781, 28.578369140625, 30.943275451660156, 33.836761474609375, 29.3231143951416, 30.397430419921875, 28.27760887145996, 22.993087768554688, 26.697877883911133, 23.86557388305664, 27.17767906188965, 27.44476318359375, 21.341796875, 27.72857666015625, 23.817567825317383, 22.4696044921875, 21.937772750854492, 19.953670501708984, 12.324576377868652, 40.71235275268555, 35.28450012207031, 34.088951110839844, 28.869970321655273, 25.347206115722656, 20.485811233520508, 19.888784408569336, 16.343544006347656, 20.279645919799805, 17.349720001220703, 5.392582893371582, 7.483100891113281, 56.096832275390625, 40.61457443237305, 3.551795721054077, 43.14004898071289, -0.12962430715560913, 43.41329574584961, 0.43840694427490234, 6.24492073059082]"
86,[50],"[11, 3, 16, 14, 49, 32, 29, 0, 9, 36, 6, 5, 8, 10, 2, 1, 25, 13, 22, 18, 21, 24, 19, 20, 17, 30, 27, 26, 28, 37, 31, 39, 33, 51, 23, 56, 42, 57, 43, 44, 46, 54, 35, 40, 41, 7, 38, 53, 55, 52, 34, 45, 15, 58, 4, 12, 59, 47, 48]","[array([58], dtype=int64), array([35], dtype=int64), array([60], dtype=int64), array([40], dtype=int64), array([54], dtype=int64), array([37], dtype=int64), array([22], dtype=int64), array([41], dtype=int64), array([70], dtype=int64), array([18], dtype=int64), array([63], dtype=int64), array([41], dtype=int64), array([57], dtype=int64), array([66], dtype=int64), array([40], dtype=int64), array([62], dtype=int64), array([37], dtype=int64), array([33], dtype=int64), array([32], dtype=int64), array([38], dtype=int64), array([35], dtype=int64), array([34], dtype=int64), array([34], dtype=int64), array([30], dtype=int64), array([33], dtype=int64), array([29], dtype=int64), array([30], dtype=int64), array([27], dtype=int64), array([25], dtype=int64), array([14], dtype=int64), array([40], dtype=int64), array([24], dtype=int64), array([9], dtype=int64), array([21], dtype=int64), array([30], dtype=int64), array([5], dtype=int64), array([43], dtype=int64), array([0], dtype=int64), array([28], dtype=int64), array([34], dtype=int64), array([0], dtype=int64), array([19], dtype=int64), array([18], dtype=int64), array([22], dtype=int64), array([12], dtype=int64), array([54], dtype=int64), array([21], dtype=int64), array([40], dtype=int64), array([2], dtype=int64), array([22], dtype=int64), array([9], dtype=int64), array([1], dtype=int64), array([42], dtype=int64), array([0], dtype=int64), array([24], dtype=int64), array([34], dtype=int64), array([0], dtype=int64), array([3], dtype=int64), array([0], dtype=int64)]","[92.18035888671875, 66.33859252929688, 91.0003433227539, 90.99996185302734, 98.99983215332031, 98.9998550415039, 98.9995346069336, 57.647464752197266, 57.63805389404297, 56.99457550048828, 62.21458435058594, 44.84796905517578, 43.51759719848633, 55.34022521972656, 46.54139709472656, 47.071903228759766, 38.177528381347656, 39.50774383544922, 43.14501953125, 40.80826950073242, 38.29925537109375, 35.316219329833984, 26.677661895751953, 25.51711654663086, 29.781192779541016, 28.102996826171875, 28.95022964477539, 29.118274688720703, 27.36046028137207, 25.417753219604492, 21.454673767089844, 23.628768920898438, 24.529996871948242, 26.120574951171875, 22.539262771606445, 23.002887725830078, 24.04093360900879, 24.282575607299805, 35.02678680419922, 32.88933563232422, 21.46271324157715, 34.30830764770508, 31.446056365966797, 21.802595138549805, 20.689905166625977, 46.12407302856445, 15.078628540039062, 21.455036163330078, 14.561200141906738, 23.288711547851562, 24.856054306030273, 7.94822359085083, 43.11540222167969, 0.39577335119247437, 42.40328598022461, 35.36592483520508, -1.2786105871200562, 0.43840694427490234, 6.24492073059082]"
87,[9],"[1, 10, 53, 16, 55, 42, 49, 24, 2, 0, 29, 14, 17, 22, 6, 31, 52, 13, 3, 32, 11, 18, 21, 34, 19, 7, 12, 36, 44, 50, 43, 37, 33, 38, 40, 28, 30, 56, 20, 15, 54, 46, 35, 23, 27, 26, 51, 39, 41, 45, 57, 8, 4, 58, 5, 59, 25, 47, 48]","[array([62], dtype=int64), array([66], dtype=int64), array([40], dtype=int64), array([60], dtype=int64), array([2], dtype=int64), array([43], dtype=int64), array([54], dtype=int64), array([34], dtype=int64), array([40], dtype=int64), array([41], dtype=int64), array([22], dtype=int64), array([40], dtype=int64), array([33], dtype=int64), array([32], dtype=int64), array([63], dtype=int64), array([40], dtype=int64), array([22], dtype=int64), array([33], dtype=int64), array([35], dtype=int64), array([37], dtype=int64), array([58], dtype=int64), array([38], dtype=int64), array([35], dtype=int64), array([9], dtype=int64), array([34], dtype=int64), array([54], dtype=int64), array([34], dtype=int64), array([18], dtype=int64), array([34], dtype=int64), array([24], dtype=int64), array([28], dtype=int64), array([14], dtype=int64), array([9], dtype=int64), array([21], dtype=int64), array([22], dtype=int64), array([25], dtype=int64), array([29], dtype=int64), array([5], dtype=int64), array([30], dtype=int64), array([42], dtype=int64), array([19], dtype=int64), array([0], dtype=int64), array([18], dtype=int64), array([30], dtype=int64), array([30], dtype=int64), array([27], dtype=int64), array([21], dtype=int64), array([24], dtype=int64), array([12], dtype=int64), array([1], dtype=int64), array([0], dtype=int64), array([57], dtype=int64), array([24], dtype=int64), array([0], dtype=int64), array([41], dtype=int64), array([0], dtype=int64), array([37], dtype=int64), array([3], dtype=int64), array([0], dtype=int64)]","[77.46245574951172, 71.60082244873047, 93.99989318847656, 70.50497436523438, 65.23822784423828, 72.74080657958984, 71.67411804199219, 67.66548156738281, 62.46928024291992, 61.65814971923828, 90.99983215332031, 61.5100212097168, 52.84978103637695, 49.55288314819336, 59.82509231567383, 45.845558166503906, 53.33538818359375, 57.6814079284668, 46.248199462890625, 61.62156295776367, 66.06880187988281, 43.33162307739258, 41.03099060058594, 35.536624908447266, 30.650249481201172, 43.35390853881836, 27.541826248168945, 30.071849822998047, 31.169408798217773, 30.24384117126465, 28.705602645874023, 30.274934768676758, 29.423830032348633, 23.808198928833008, 23.68100357055664, 21.242671966552734, 25.00336265563965, 31.350143432617188, 26.166990280151367, 28.60396385192871, 31.93038558959961, 31.317583084106445, 33.64219284057617, 25.555553436279297, 23.025136947631836, 24.14794158935547, 19.84369659423828, 17.18007469177246, 17.349720001220703, 5.392582893371582, 7.483100891113281, 56.096832275390625, 40.61457443237305, 3.551795721054077, 43.14004898071289, -0.12962430715560913, 43.41329574584961, 0.43840694427490234, 6.24492073059082]"
88,[25],"[11, 3, 49, 32, 36, 16, 29, 9, 14, 10, 18, 2, 6, 0, 21, 13, 22, 24, 1, 12, 17, 19, 20, 30, 26, 37, 27, 28, 51, 34, 23, 45, 31, 53, 33, 52, 38, 50, 46, 40, 56, 41, 35, 39, 42, 57, 7, 44, 54, 43, 55, 15, 58, 8, 4, 5, 59, 47, 48]","[array([58], dtype=int64), array([35], dtype=int64), array([54], dtype=int64), array([37], dtype=int64), array([18], dtype=int64), array([60], dtype=int64), array([22], dtype=int64), array([70], dtype=int64), array([40], dtype=int64), array([66], dtype=int64), array([38], dtype=int64), array([40], dtype=int64), array([63], dtype=int64), array([41], dtype=int64), array([35], dtype=int64), array([33], dtype=int64), array([32], dtype=int64), array([34], dtype=int64), array([62], dtype=int64), array([34], dtype=int64), array([33], dtype=int64), array([34], dtype=int64), array([30], dtype=int64), array([29], dtype=int64), array([27], dtype=int64), array([14], dtype=int64), array([30], dtype=int64), array([25], dtype=int64), array([21], dtype=int64), array([9], dtype=int64), array([30], dtype=int64), array([1], dtype=int64), array([40], dtype=int64), array([40], dtype=int64), array([9], dtype=int64), array([22], dtype=int64), array([21], dtype=int64), array([24], dtype=int64), array([0], dtype=int64), array([22], dtype=int64), array([5], dtype=int64), array([12], dtype=int64), array([18], dtype=int64), array([24], dtype=int64), array([43], dtype=int64), array([0], dtype=int64), array([54], dtype=int64), array([34], dtype=int64), array([19], dtype=int64), array([28], dtype=int64), array([2], dtype=int64), array([42], dtype=int64), array([0], dtype=int64), array([57], dtype=int64), array([24], dtype=int64), array([41], dtype=int64), array([0], dtype=int64), array([3], dtype=int64), array([0], dtype=int64)]","[92.01567077636719, 68.74039459228516, 99.0003890991211, 98.99996948242188, 56.99740219116211, 55.29494857788086, 98.99996948242188, 59.478515625, 58.32210922241211, 47.750118255615234, 47.192684173583984, 54.0667839050293, 60.49602127075195, 49.48409652709961, 37.89030838012695, 41.33900833129883, 35.245304107666016, 32.29788589477539, 58.2155876159668, 29.560808181762695, 27.852123260498047, 30.92735481262207, 31.052011489868164, 30.0179386138916, 27.863300323486328, 31.425617218017578, 27.42474937438965, 26.66402244567871, 24.80594253540039, 28.508373260498047, 22.01812171936035, 23.673669815063477, 17.676952362060547, 14.15934944152832, 22.29269027709961, 15.830571174621582, 22.058195114135742, 21.969005584716797, 17.119070053100586, 20.293489456176758, 21.735477447509766, 14.042204856872559, 14.155503273010254, 16.984710693359375, 10.699731826782227, 14.27365493774414, 43.71603775024414, 40.935508728027344, 34.79027557373047, 30.003931045532227, 14.762428283691406, 48.06926727294922, 2.818077802658081, 51.32699203491211, 41.03927993774414, 48.02171325683594, -1.2786105871200562, 0.43840694427490234, 6.24492073059082]"
89,[5],"[16, 9, 29, 10, 14, 0, 32, 18, 2, 13, 3, 6, 21, 22, 49, 11, 24, 1, 12, 19, 20, 17, 37, 23, 34, 56, 31, 30, 27, 26, 28, 53, 33, 7, 38, 51, 46, 40, 39, 41, 50, 42, 57, 54, 44, 35, 43, 55, 15, 45, 52, 8, 36, 58, 4, 59, 25, 47, 48]","[array([60], dtype=int64), array([70], dtype=int64), array([22], dtype=int64), array([66], dtype=int64), array([40], dtype=int64), array([41], dtype=int64), array([37], dtype=int64), array([38], dtype=int64), array([40], dtype=int64), array([33], dtype=int64), array([35], dtype=int64), array([63], dtype=int64), array([35], dtype=int64), array([32], dtype=int64), array([54], dtype=int64), array([58], dtype=int64), array([34], dtype=int64), array([62], dtype=int64), array([34], dtype=int64), array([34], dtype=int64), array([30], dtype=int64), array([33], dtype=int64), array([14], dtype=int64), array([30], dtype=int64), array([9], dtype=int64), array([5], dtype=int64), array([40], dtype=int64), array([29], dtype=int64), array([30], dtype=int64), array([27], dtype=int64), array([25], dtype=int64), array([40], dtype=int64), array([9], dtype=int64), array([54], dtype=int64), array([21], dtype=int64), array([21], dtype=int64), array([0], dtype=int64), array([22], dtype=int64), array([24], dtype=int64), array([12], dtype=int64), array([24], dtype=int64), array([43], dtype=int64), array([0], dtype=int64), array([19], dtype=int64), array([34], dtype=int64), array([18], dtype=int64), array([28], dtype=int64), array([2], dtype=int64), array([42], dtype=int64), array([1], dtype=int64), array([22], dtype=int64), array([57], dtype=int64), array([18], dtype=int64), array([0], dtype=int64), array([24], dtype=int64), array([0], dtype=int64), array([37], dtype=int64), array([3], dtype=int64), array([0], dtype=int64)]","[89.1978530883789, 80.89915466308594, 91.00009155273438, 66.30674743652344, 67.37374114990234, 60.83450698852539, 60.70985412597656, 51.630767822265625, 50.06483840942383, 42.41805648803711, 39.32059860229492, 59.63713836669922, 38.20572280883789, 35.621253967285156, 35.20234680175781, 63.13343048095703, 33.44390106201172, 40.27437973022461, 27.413522720336914, 26.01225471496582, 28.235837936401367, 28.492603302001953, 27.590782165527344, 25.26213264465332, 23.73875617980957, 22.657365798950195, 22.411346435546875, 21.28743553161621, 26.711698532104492, 29.08741569519043, 28.756818771362305, 15.194010734558105, 28.25929069519043, 48.318328857421875, 32.69438934326172, 23.661331176757812, 24.11714744567871, 17.917787551879883, 16.98430824279785, 21.626508712768555, 20.829364776611328, 16.544145584106445, 20.368322372436523, 36.26392364501953, 34.44839859008789, 32.65919494628906, 28.641929626464844, 14.76254653930664, 35.720767974853516, 10.295073509216309, 10.168110847473145, 55.47175216674805, 14.461627960205078, 1.701781153678894, 44.660274505615234, -0.12962430715560913, 43.41329574584961, 0.43840694427490234, 6.24492073059082]"
90,[13],"[11, 3, 9, 34, 53, 10, 0, 16, 14, 2, 18, 32, 6, 21, 49, 29, 22, 1, 24, 7, 36, 38, 37, 17, 19, 50, 12, 52, 20, 33, 30, 26, 46, 28, 27, 56, 31, 15, 42, 44, 54, 35, 43, 23, 51, 40, 39, 55, 41, 45, 57, 8, 4, 58, 5, 59, 25, 47, 48]","[array([58], dtype=int64), array([35], dtype=int64), array([70], dtype=int64), array([9], dtype=int64), array([40], dtype=int64), array([66], dtype=int64), array([41], dtype=int64), array([60], dtype=int64), array([40], dtype=int64), array([40], dtype=int64), array([38], dtype=int64), array([37], dtype=int64), array([63], dtype=int64), array([35], dtype=int64), array([54], dtype=int64), array([22], dtype=int64), array([32], dtype=int64), array([62], dtype=int64), array([34], dtype=int64), array([54], dtype=int64), array([18], dtype=int64), array([21], dtype=int64), array([14], dtype=int64), array([33], dtype=int64), array([34], dtype=int64), array([24], dtype=int64), array([34], dtype=int64), array([22], dtype=int64), array([30], dtype=int64), array([9], dtype=int64), array([29], dtype=int64), array([27], dtype=int64), array([0], dtype=int64), array([25], dtype=int64), array([30], dtype=int64), array([5], dtype=int64), array([40], dtype=int64), array([42], dtype=int64), array([43], dtype=int64), array([34], dtype=int64), array([19], dtype=int64), array([18], dtype=int64), array([28], dtype=int64), array([30], dtype=int64), array([21], dtype=int64), array([22], dtype=int64), array([24], dtype=int64), array([2], dtype=int64), array([12], dtype=int64), array([1], dtype=int64), array([0], dtype=int64), array([57], dtype=int64), array([24], dtype=int64), array([0], dtype=int64), array([41], dtype=int64), array([0], dtype=int64), array([37], dtype=int64), array([3], dtype=int64), array([0], dtype=int64)]","[90.06526184082031, 62.566368103027344, 29.000490188598633, 91.00017547607422, 93.99958801269531, 98.9992446899414, 98.99718475341797, 65.19017028808594, 65.60769653320312, 53.579708099365234, 48.30632400512695, 54.412479400634766, 57.848838806152344, 38.125282287597656, 33.55348587036133, 91.00031280517578, 33.68573760986328, 37.89645767211914, 36.44336700439453, 53.030128479003906, 31.126136779785156, 34.53219223022461, 29.86498260498047, 34.68641662597656, 31.788864135742188, 34.03921890258789, 28.051280975341797, 23.687952041625977, 26.697877883911133, 23.86557388305664, 27.17767906188965, 27.44476318359375, 21.341796875, 27.72857666015625, 23.817567825317383, 22.4696044921875, 21.937772750854492, 19.953670501708984, 12.324576377868652, 40.71235275268555, 35.28450012207031, 34.088951110839844, 28.869970321655273, 25.347206115722656, 20.485811233520508, 19.888784408569336, 16.343544006347656, 20.279645919799805, 17.349720001220703, 5.392582893371582, 7.483100891113281, 56.096832275390625, 40.61457443237305, 3.551795721054077, 43.14004898071289, -0.12962430715560913, 43.41329574584961, 0.43840694427490234, 6.24492073059082]"
91,[5],"[16, 9, 29, 10, 14, 0, 32, 18, 2, 13, 3, 6, 21, 22, 49, 11, 24, 1, 12, 19, 20, 17, 37, 23, 34, 56, 31, 30, 27, 26, 28, 53, 33, 7, 38, 51, 46, 40, 39, 41, 50, 42, 57, 54, 44, 35, 43, 55, 15, 45, 52, 8, 36, 58, 4, 59, 25, 47, 48]","[array([60], dtype=int64), array([70], dtype=int64), array([22], dtype=int64), array([66], dtype=int64), array([40], dtype=int64), array([41], dtype=int64), array([37], dtype=int64), array([38], dtype=int64), array([40], dtype=int64), array([33], dtype=int64), array([35], dtype=int64), array([63], dtype=int64), array([35], dtype=int64), array([32], dtype=int64), array([54], dtype=int64), array([58], dtype=int64), array([34], dtype=int64), array([62], dtype=int64), array([34], dtype=int64), array([34], dtype=int64), array([30], dtype=int64), array([33], dtype=int64), array([14], dtype=int64), array([30], dtype=int64), array([9], dtype=int64), array([5], dtype=int64), array([40], dtype=int64), array([29], dtype=int64), array([30], dtype=int64), array([27], dtype=int64), array([25], dtype=int64), array([40], dtype=int64), array([9], dtype=int64), array([54], dtype=int64), array([21], dtype=int64), array([21], dtype=int64), array([0], dtype=int64), array([22], dtype=int64), array([24], dtype=int64), array([12], dtype=int64), array([24], dtype=int64), array([43], dtype=int64), array([0], dtype=int64), array([19], dtype=int64), array([34], dtype=int64), array([18], dtype=int64), array([28], dtype=int64), array([2], dtype=int64), array([42], dtype=int64), array([1], dtype=int64), array([22], dtype=int64), array([57], dtype=int64), array([18], dtype=int64), array([0], dtype=int64), array([24], dtype=int64), array([0], dtype=int64), array([37], dtype=int64), array([3], dtype=int64), array([0], dtype=int64)]","[89.1978530883789, 80.89915466308594, 91.00009155273438, 66.30674743652344, 67.37374114990234, 60.83450698852539, 60.70985412597656, 51.630767822265625, 50.06483840942383, 42.41805648803711, 39.32059860229492, 59.63713836669922, 38.20572280883789, 35.621253967285156, 35.20234680175781, 63.13343048095703, 33.44390106201172, 40.27437973022461, 27.413522720336914, 26.01225471496582, 28.235837936401367, 28.492603302001953, 27.590782165527344, 25.26213264465332, 23.73875617980957, 22.657365798950195, 22.411346435546875, 21.28743553161621, 26.711698532104492, 29.08741569519043, 28.756818771362305, 15.194010734558105, 28.25929069519043, 48.318328857421875, 32.69438934326172, 23.661331176757812, 24.11714744567871, 17.917787551879883, 16.98430824279785, 21.626508712768555, 20.829364776611328, 16.544145584106445, 20.368322372436523, 36.26392364501953, 34.44839859008789, 32.65919494628906, 28.641929626464844, 14.76254653930664, 35.720767974853516, 10.295073509216309, 10.168110847473145, 55.47175216674805, 14.461627960205078, 1.701781153678894, 44.660274505615234, -0.12962430715560913, 43.41329574584961, 0.43840694427490234, 6.24492073059082]"
92,[26],"[16, 9, 14, 29, 3, 49, 2, 13, 0, 18, 32, 10, 6, 21, 11, 22, 1, 24, 19, 12, 37, 7, 17, 20, 30, 27, 28, 56, 53, 34, 50, 38, 36, 52, 33, 31, 46, 15, 42, 44, 54, 35, 43, 23, 51, 40, 39, 55, 41, 45, 57, 8, 4, 58, 5, 59, 25, 47, 48]","[array([60], dtype=int64), array([70], dtype=int64), array([40], dtype=int64), array([22], dtype=int64), array([35], dtype=int64), array([54], dtype=int64), array([40], dtype=int64), array([33], dtype=int64), array([41], dtype=int64), array([38], dtype=int64), array([37], dtype=int64), array([66], dtype=int64), array([63], dtype=int64), array([35], dtype=int64), array([58], dtype=int64), array([32], dtype=int64), array([62], dtype=int64), array([34], dtype=int64), array([34], dtype=int64), array([34], dtype=int64), array([14], dtype=int64), array([54], dtype=int64), array([33], dtype=int64), array([30], dtype=int64), array([29], dtype=int64), array([30], dtype=int64), array([25], dtype=int64), array([5], dtype=int64), array([40], dtype=int64), array([9], dtype=int64), array([24], dtype=int64), array([21], dtype=int64), array([18], dtype=int64), array([22], dtype=int64), array([9], dtype=int64), array([40], dtype=int64), array([0], dtype=int64), array([42], dtype=int64), array([43], dtype=int64), array([34], dtype=int64), array([19], dtype=int64), array([18], dtype=int64), array([28], dtype=int64), array([30], dtype=int64), array([21], dtype=int64), array([22], dtype=int64), array([24], dtype=int64), array([2], dtype=int64), array([12], dtype=int64), array([1], dtype=int64), array([0], dtype=int64), array([57], dtype=int64), array([24], dtype=int64), array([0], dtype=int64), array([41], dtype=int64), array([0], dtype=int64), array([37], dtype=int64), array([3], dtype=int64), array([0], dtype=int64)]","[92.87950897216797, 83.34248352050781, 81.26004028320312, 91.00154876708984, 58.30519485473633, 52.50708770751953, 49.1645622253418, 45.288429260253906, 45.455650329589844, 41.47800827026367, 56.19559860229492, 40.5911865234375, 55.31159591674805, 41.107276916503906, 66.20226287841797, 36.77286911010742, 52.18168258666992, 34.16626739501953, 30.181499481201172, 30.647327423095703, 30.288217544555664, 48.25078201293945, 28.558069229125977, 28.942852020263672, 29.70087242126465, 28.26913070678711, 28.84364891052246, 21.964035034179688, 24.716283798217773, 30.607418060302734, 32.65837478637695, 29.177873611450195, 27.34162712097168, 23.00912857055664, 27.196706771850586, 22.50844955444336, 20.895414352416992, 19.953670501708984, 12.324576377868652, 40.71235275268555, 35.28450012207031, 34.088951110839844, 28.869970321655273, 25.347206115722656, 20.485811233520508, 19.888784408569336, 16.343544006347656, 20.279645919799805, 17.349720001220703, 5.392582893371582, 7.483100891113281, 56.096832275390625, 40.61457443237305, 3.551795721054077, 43.14004898071289, -0.12962430715560913, 43.41329574584961, 0.43840694427490234, 6.24492073059082]"
93,[58],"[11, 3, 29, 10, 12, 9, 16, 14, 2, 18, 32, 6, 22, 0, 13, 21, 49, 1, 24, 7, 19, 20, 17, 38, 37, 23, 53, 34, 36, 30, 50, 56, 27, 28, 26, 33, 52, 45, 31, 46, 51, 40, 35, 39, 41, 15, 42, 44, 54, 43, 55, 57, 8, 4, 5, 59, 25, 47, 48]","[array([58], dtype=int64), array([35], dtype=int64), array([22], dtype=int64), array([66], dtype=int64), array([34], dtype=int64), array([70], dtype=int64), array([60], dtype=int64), array([40], dtype=int64), array([40], dtype=int64), array([38], dtype=int64), array([37], dtype=int64), array([63], dtype=int64), array([32], dtype=int64), array([41], dtype=int64), array([33], dtype=int64), array([35], dtype=int64), array([54], dtype=int64), array([62], dtype=int64), array([34], dtype=int64), array([54], dtype=int64), array([34], dtype=int64), array([30], dtype=int64), array([33], dtype=int64), array([21], dtype=int64), array([14], dtype=int64), array([30], dtype=int64), array([40], dtype=int64), array([9], dtype=int64), array([18], dtype=int64), array([29], dtype=int64), array([24], dtype=int64), array([5], dtype=int64), array([30], dtype=int64), array([25], dtype=int64), array([27], dtype=int64), array([9], dtype=int64), array([22], dtype=int64), array([1], dtype=int64), array([40], dtype=int64), array([0], dtype=int64), array([21], dtype=int64), array([22], dtype=int64), array([18], dtype=int64), array([24], dtype=int64), array([12], dtype=int64), array([42], dtype=int64), array([43], dtype=int64), array([34], dtype=int64), array([19], dtype=int64), array([28], dtype=int64), array([2], dtype=int64), array([0], dtype=int64), array([57], dtype=int64), array([24], dtype=int64), array([41], dtype=int64), array([0], dtype=int64), array([37], dtype=int64), array([3], dtype=int64), array([0], dtype=int64)]","[92.02519226074219, 68.61573028564453, 91.00015258789062, 77.99840545654297, 74.99903869628906, 66.19270324707031, 62.720558166503906, 64.83454132080078, 56.91207504272461, 49.96946334838867, 55.88336944580078, 63.31770706176758, 37.51028823852539, 38.361289978027344, 42.723384857177734, 36.65265655517578, 33.237998962402344, 47.69569778442383, 32.28424835205078, 44.64493179321289, 20.43663215637207, 18.186113357543945, 26.265729904174805, 27.27863311767578, 28.2069091796875, 23.886070251464844, 22.346466064453125, 27.318363189697266, 28.36768341064453, 24.962127685546875, 27.33736801147461, 30.216796875, 31.087202072143555, 35.54554748535156, 30.34385108947754, 25.539104461669922, 25.700910568237305, 22.209720611572266, 20.105545043945312, 22.314668655395508, 18.996891021728516, 12.905366897583008, 16.37369728088379, 14.242584228515625, 16.26506805419922, 14.123446464538574, 43.537353515625, 41.24235916137695, 35.14330291748047, 26.866073608398438, 17.756250381469727, 3.6002156734466553, 54.7349853515625, 42.87795639038086, 43.14004898071289, -0.12962430715560913, 43.41329574584961, 0.43840694427490234, 6.24492073059082]"
94,[34],"[11, 9, 29, 10, 3, 16, 14, 2, 32, 18, 6, 49, 21, 0, 22, 13, 1, 24, 12, 7, 19, 17, 20, 38, 30, 26, 27, 37, 28, 51, 53, 50, 36, 52, 46, 56, 33, 31, 23, 40, 39, 45, 35, 8, 41, 15, 42, 54, 43, 44, 57, 58, 55, 4, 5, 59, 25, 47, 48]","[array([58], dtype=int64), array([70], dtype=int64), array([22], dtype=int64), array([66], dtype=int64), array([35], dtype=int64), array([60], dtype=int64), array([40], dtype=int64), array([40], dtype=int64), array([37], dtype=int64), array([38], dtype=int64), array([63], dtype=int64), array([54], dtype=int64), array([35], dtype=int64), array([41], dtype=int64), array([32], dtype=int64), array([33], dtype=int64), array([62], dtype=int64), array([34], dtype=int64), array([34], dtype=int64), array([54], dtype=int64), array([34], dtype=int64), array([33], dtype=int64), array([30], dtype=int64), array([21], dtype=int64), array([29], dtype=int64), array([27], dtype=int64), array([30], dtype=int64), array([14], dtype=int64), array([25], dtype=int64), array([21], dtype=int64), array([40], dtype=int64), array([24], dtype=int64), array([18], dtype=int64), array([22], dtype=int64), array([0], dtype=int64), array([5], dtype=int64), array([9], dtype=int64), array([40], dtype=int64), array([30], dtype=int64), array([22], dtype=int64), array([24], dtype=int64), array([1], dtype=int64), array([18], dtype=int64), array([57], dtype=int64), array([12], dtype=int64), array([42], dtype=int64), array([43], dtype=int64), array([19], dtype=int64), array([28], dtype=int64), array([34], dtype=int64), array([0], dtype=int64), array([0], dtype=int64), array([2], dtype=int64), array([24], dtype=int64), array([41], dtype=int64), array([0], dtype=int64), array([37], dtype=int64), array([3], dtype=int64), array([0], dtype=int64)]","[92.03141784667969, 86.74481201171875, 91.00016784667969, 99.0001220703125, 97.9998550415039, 65.78254699707031, 65.7301025390625, 57.533573150634766, 61.428436279296875, 48.369873046875, 62.641544342041016, 37.69720458984375, 37.80453872680664, 49.38178634643555, 35.7088623046875, 42.072959899902344, 37.763389587402344, 34.33530044555664, 31.902616500854492, 51.89141082763672, 21.804372787475586, 22.745534896850586, 22.305156707763672, 23.245380401611328, 25.745197296142578, 23.84109878540039, 27.079172134399414, 29.791242599487305, 29.268692016601562, 28.394588470458984, 21.495508193969727, 31.838455200195312, 27.496017456054688, 26.995105743408203, 19.899436950683594, 25.638376235961914, 26.896778106689453, 23.672866821289062, 14.788372039794922, 17.17368507385254, 15.211064338684082, 18.09376335144043, 17.655704498291016, 61.93875503540039, 15.968600273132324, 16.810617446899414, 8.503473281860352, 35.64678192138672, 31.21434211730957, 35.61238479614258, 5.684863567352295, 1.5956032276153564, 17.237548828125, 42.87795639038086, 43.14004898071289, -0.12962430715560913, 43.41329574584961, 0.43840694427490234, 6.24492073059082]"
95,[48],"[11, 9, 53, 3, 10, 0, 16, 14, 2, 18, 32, 21, 6, 13, 22, 24, 1, 49, 17, 19, 7, 20, 38, 12, 34, 36, 30, 26, 29, 33, 52, 31, 50, 51, 46, 27, 28, 56, 40, 23, 42, 37, 15, 44, 54, 35, 43, 39, 55, 41, 45, 57, 58, 8, 4, 5, 59, 25, 47]","[array([58], dtype=int64), array([70], dtype=int64), array([40], dtype=int64), array([35], dtype=int64), array([66], dtype=int64), array([41], dtype=int64), array([60], dtype=int64), array([40], dtype=int64), array([40], dtype=int64), array([38], dtype=int64), array([37], dtype=int64), array([35], dtype=int64), array([63], dtype=int64), array([33], dtype=int64), array([32], dtype=int64), array([34], dtype=int64), array([62], dtype=int64), array([54], dtype=int64), array([33], dtype=int64), array([34], dtype=int64), array([54], dtype=int64), array([30], dtype=int64), array([21], dtype=int64), array([34], dtype=int64), array([9], dtype=int64), array([18], dtype=int64), array([29], dtype=int64), array([27], dtype=int64), array([22], dtype=int64), array([9], dtype=int64), array([22], dtype=int64), array([40], dtype=int64), array([24], dtype=int64), array([21], dtype=int64), array([0], dtype=int64), array([30], dtype=int64), array([25], dtype=int64), array([5], dtype=int64), array([22], dtype=int64), array([30], dtype=int64), array([43], dtype=int64), array([14], dtype=int64), array([42], dtype=int64), array([34], dtype=int64), array([19], dtype=int64), array([18], dtype=int64), array([28], dtype=int64), array([24], dtype=int64), array([2], dtype=int64), array([12], dtype=int64), array([1], dtype=int64), array([0], dtype=int64), array([0], dtype=int64), array([57], dtype=int64), array([24], dtype=int64), array([41], dtype=int64), array([0], dtype=int64), array([37], dtype=int64), array([3], dtype=int64)]","[91.9911880493164, 84.61351013183594, 93.9997329711914, 98.00050354003906, 98.99942779541016, 98.99676513671875, 64.85749053955078, 66.1351089477539, 55.07380294799805, 50.10844039916992, 48.45331954956055, 37.71721267700195, 63.313602447509766, 40.51609802246094, 35.21997833251953, 34.673954010009766, 42.47355270385742, 32.675994873046875, 33.819915771484375, 31.28392219543457, 54.672794342041016, 25.8429012298584, 30.18401527404785, 27.099334716796875, 25.4525203704834, 23.557384490966797, 23.397066116333008, 28.56224822998047, 21.3166561126709, 23.63816261291504, 23.88163948059082, 18.84618377685547, 18.9904842376709, 19.266950607299805, 18.25132942199707, 24.87718391418457, 30.411191940307617, 22.283828735351562, 15.627031326293945, 16.57000160217285, 47.0649299621582, 39.56907653808594, 44.40517044067383, 42.7308349609375, 35.96662139892578, 33.16292953491211, 28.57703399658203, 16.74524688720703, 16.566564559936523, 12.99462890625, 6.854533672332764, 6.053692817687988, 2.2564611434936523, 57.28993606567383, 40.96434020996094, 46.1767463684082, -1.2246558666229248, 37.60658264160156, -0.11110465973615646]"
96,[23],"[16, 3, 28, 9, 14, 29, 49, 2, 0, 10, 13, 32, 18, 6, 11, 21, 22, 24, 1, 19, 7, 20, 17, 53, 34, 37, 36, 50, 33, 52, 12, 56, 30, 26, 27, 38, 45, 46, 31, 51, 57, 40, 15, 42, 44, 54, 43, 35, 39, 55, 41, 8, 4, 58, 5, 59, 25, 47, 48]","[array([60], dtype=int64), array([35], dtype=int64), array([25], dtype=int64), array([70], dtype=int64), array([40], dtype=int64), array([22], dtype=int64), array([54], dtype=int64), array([40], dtype=int64), array([41], dtype=int64), array([66], dtype=int64), array([33], dtype=int64), array([37], dtype=int64), array([38], dtype=int64), array([63], dtype=int64), array([58], dtype=int64), array([35], dtype=int64), array([32], dtype=int64), array([34], dtype=int64), array([62], dtype=int64), array([34], dtype=int64), array([54], dtype=int64), array([30], dtype=int64), array([33], dtype=int64), array([40], dtype=int64), array([9], dtype=int64), array([14], dtype=int64), array([18], dtype=int64), array([24], dtype=int64), array([9], dtype=int64), array([22], dtype=int64), array([34], dtype=int64), array([5], dtype=int64), array([29], dtype=int64), array([27], dtype=int64), array([30], dtype=int64), array([21], dtype=int64), array([1], dtype=int64), array([0], dtype=int64), array([40], dtype=int64), array([21], dtype=int64), array([0], dtype=int64), array([22], dtype=int64), array([42], dtype=int64), array([43], dtype=int64), array([34], dtype=int64), array([19], dtype=int64), array([28], dtype=int64), array([18], dtype=int64), array([24], dtype=int64), array([2], dtype=int64), array([12], dtype=int64), array([57], dtype=int64), array([24], dtype=int64), array([0], dtype=int64), array([41], dtype=int64), array([0], dtype=int64), array([37], dtype=int64), array([3], dtype=int64), array([0], dtype=int64)]","[93.11199951171875, 68.443603515625, 80.9987564086914, 59.393798828125, 63.35417175292969, 91.00023651123047, 54.39926528930664, 48.451385498046875, 48.771026611328125, 44.29184341430664, 42.91315841674805, 51.99755859375, 48.94813537597656, 61.89228057861328, 64.4847412109375, 38.36123275756836, 36.98538589477539, 33.85992431640625, 41.44071960449219, 30.32627296447754, 52.69027328491211, 30.35015106201172, 28.898714065551758, 28.130590438842773, 34.26966094970703, 32.35022735595703, 29.0306396484375, 30.09830665588379, 31.626033782958984, 31.242937088012695, 34.49491882324219, 25.758115768432617, 26.863088607788086, 28.23899269104004, 26.422019958496094, 23.281373977661133, 22.05467987060547, 18.96816635131836, 18.229061126708984, 15.607654571533203, 13.029458999633789, 16.988542556762695, 15.779470443725586, 48.91918182373047, 41.827789306640625, 35.34547424316406, 31.221521377563477, 34.35213088989258, 16.762798309326172, 17.588031768798828, 13.767167091369629, 56.096832275390625, 40.61457443237305, 3.551795721054077, 43.14004898071289, -0.12962430715560913, 43.41329574584961, 0.43840694427490234, 6.24492073059082]"
97,[12],"[11, 9, 34, 53, 10, 3, 0, 16, 14, 2, 18, 32, 21, 6, 22, 13, 1, 49, 24, 7, 29, 36, 38, 50, 52, 19, 17, 37, 20, 33, 30, 26, 46, 28, 27, 56, 31, 15, 42, 44, 54, 35, 43, 23, 51, 40, 39, 55, 41, 45, 57, 8, 4, 58, 5, 59, 25, 47, 48]","[array([58], dtype=int64), array([70], dtype=int64), array([9], dtype=int64), array([40], dtype=int64), array([66], dtype=int64), array([35], dtype=int64), array([41], dtype=int64), array([60], dtype=int64), array([40], dtype=int64), array([40], dtype=int64), array([38], dtype=int64), array([37], dtype=int64), array([35], dtype=int64), array([63], dtype=int64), array([32], dtype=int64), array([33], dtype=int64), array([62], dtype=int64), array([54], dtype=int64), array([34], dtype=int64), array([54], dtype=int64), array([22], dtype=int64), array([18], dtype=int64), array([21], dtype=int64), array([24], dtype=int64), array([22], dtype=int64), array([34], dtype=int64), array([33], dtype=int64), array([14], dtype=int64), array([30], dtype=int64), array([9], dtype=int64), array([29], dtype=int64), array([27], dtype=int64), array([0], dtype=int64), array([25], dtype=int64), array([30], dtype=int64), array([5], dtype=int64), array([40], dtype=int64), array([42], dtype=int64), array([43], dtype=int64), array([34], dtype=int64), array([19], dtype=int64), array([18], dtype=int64), array([28], dtype=int64), array([30], dtype=int64), array([21], dtype=int64), array([22], dtype=int64), array([24], dtype=int64), array([2], dtype=int64), array([12], dtype=int64), array([1], dtype=int64), array([0], dtype=int64), array([57], dtype=int64), array([24], dtype=int64), array([0], dtype=int64), array([41], dtype=int64), array([0], dtype=int64), array([37], dtype=int64), array([3], dtype=int64), array([0], dtype=int64)]","[92.11814880371094, 76.64495086669922, 91.00020599365234, 93.99962615966797, 99.00017547607422, 97.99961853027344, 98.9969253540039, 65.34284210205078, 65.95854187011719, 54.32820129394531, 50.45740509033203, 48.27960968017578, 37.403526306152344, 60.741573333740234, 34.93351745605469, 38.34535217285156, 40.390071868896484, 38.464107513427734, 33.729148864746094, 47.709228515625, 91.00019836425781, 28.578369140625, 30.943275451660156, 33.836761474609375, 29.3231143951416, 30.397430419921875, 28.27760887145996, 22.993087768554688, 26.697877883911133, 23.86557388305664, 27.17767906188965, 27.44476318359375, 21.341796875, 27.72857666015625, 23.817567825317383, 22.4696044921875, 21.937772750854492, 19.953670501708984, 12.324576377868652, 40.71235275268555, 35.28450012207031, 34.088951110839844, 28.869970321655273, 25.347206115722656, 20.485811233520508, 19.888784408569336, 16.343544006347656, 20.279645919799805, 17.349720001220703, 5.392582893371582, 7.483100891113281, 56.096832275390625, 40.61457443237305, 3.551795721054077, 43.14004898071289, -0.12962430715560913, 43.41329574584961, 0.43840694427490234, 6.24492073059082]"
98,[22],"[11, 3, 9, 29, 36, 16, 2, 10, 14, 32, 18, 13, 6, 0, 21, 24, 1, 49, 7, 19, 12, 20, 17, 30, 28, 53, 38, 52, 26, 27, 34, 50, 33, 51, 46, 56, 37, 31, 23, 40, 39, 45, 35, 8, 41, 15, 42, 54, 43, 44, 57, 58, 55, 4, 5, 59, 25, 47, 48]","[array([58], dtype=int64), array([35], dtype=int64), array([70], dtype=int64), array([22], dtype=int64), array([18], dtype=int64), array([60], dtype=int64), array([40], dtype=int64), array([66], dtype=int64), array([40], dtype=int64), array([37], dtype=int64), array([38], dtype=int64), array([33], dtype=int64), array([63], dtype=int64), array([41], dtype=int64), array([35], dtype=int64), array([34], dtype=int64), array([62], dtype=int64), array([54], dtype=int64), array([54], dtype=int64), array([34], dtype=int64), array([34], dtype=int64), array([30], dtype=int64), array([33], dtype=int64), array([29], dtype=int64), array([25], dtype=int64), array([40], dtype=int64), array([21], dtype=int64), array([22], dtype=int64), array([27], dtype=int64), array([30], dtype=int64), array([9], dtype=int64), array([24], dtype=int64), array([9], dtype=int64), array([21], dtype=int64), array([0], dtype=int64), array([5], dtype=int64), array([14], dtype=int64), array([40], dtype=int64), array([30], dtype=int64), array([22], dtype=int64), array([24], dtype=int64), array([1], dtype=int64), array([18], dtype=int64), array([57], dtype=int64), array([12], dtype=int64), array([42], dtype=int64), array([43], dtype=int64), array([19], dtype=int64), array([28], dtype=int64), array([34], dtype=int64), array([0], dtype=int64), array([0], dtype=int64), array([2], dtype=int64), array([24], dtype=int64), array([41], dtype=int64), array([0], dtype=int64), array([37], dtype=int64), array([3], dtype=int64), array([0], dtype=int64)]","[91.9785385131836, 66.80184936523438, 29.000308990478516, 91.00008392333984, 56.997013092041016, 69.10212707519531, 59.53411865234375, 59.59681701660156, 64.10873413085938, 58.249942779541016, 40.59483337402344, 40.14522171020508, 65.5736312866211, 41.75863265991211, 35.79833221435547, 33.27523422241211, 44.41859436035156, 37.25545120239258, 53.13701248168945, 27.224632263183594, 27.811206817626953, 26.799352645874023, 27.166645050048828, 26.403921127319336, 29.59103012084961, 26.978038787841797, 30.504913330078125, 31.98054313659668, 27.46672821044922, 27.517183303833008, 29.616527557373047, 30.35511016845703, 22.34498405456543, 20.27255630493164, 22.072689056396484, 22.562108993530273, 21.03238296508789, 23.672866821289062, 14.788372039794922, 17.17368507385254, 15.211064338684082, 18.09376335144043, 17.655704498291016, 61.93875503540039, 15.968600273132324, 16.810617446899414, 8.503473281860352, 35.64678192138672, 31.21434211730957, 35.61238479614258, 5.684863567352295, 1.5956032276153564, 17.237548828125, 42.87795639038086, 43.14004898071289, -0.12962430715560913, 43.41329574584961, 0.43840694427490234, 6.24492073059082]"
99,[25],"[11, 3, 49, 32, 36, 16, 29, 9, 14, 10, 18, 2, 6, 0, 21, 13, 22, 24, 1, 12, 17, 19, 20, 30, 26, 37, 27, 28, 51, 34, 23, 45, 31, 53, 33, 52, 38, 50, 46, 40, 56, 41, 35, 39, 42, 57, 7, 44, 54, 43, 55, 15, 58, 8, 4, 5, 59, 47, 48]","[array([58], dtype=int64), array([35], dtype=int64), array([54], dtype=int64), array([37], dtype=int64), array([18], dtype=int64), array([60], dtype=int64), array([22], dtype=int64), array([70], dtype=int64), array([40], dtype=int64), array([66], dtype=int64), array([38], dtype=int64), array([40], dtype=int64), array([63], dtype=int64), array([41], dtype=int64), array([35], dtype=int64), array([33], dtype=int64), array([32], dtype=int64), array([34], dtype=int64), array([62], dtype=int64), array([34], dtype=int64), array([33], dtype=int64), array([34], dtype=int64), array([30], dtype=int64), array([29], dtype=int64), array([27], dtype=int64), array([14], dtype=int64), array([30], dtype=int64), array([25], dtype=int64), array([21], dtype=int64), array([9], dtype=int64), array([30], dtype=int64), array([1], dtype=int64), array([40], dtype=int64), array([40], dtype=int64), array([9], dtype=int64), array([22], dtype=int64), array([21], dtype=int64), array([24], dtype=int64), array([0], dtype=int64), array([22], dtype=int64), array([5], dtype=int64), array([12], dtype=int64), array([18], dtype=int64), array([24], dtype=int64), array([43], dtype=int64), array([0], dtype=int64), array([54], dtype=int64), array([34], dtype=int64), array([19], dtype=int64), array([28], dtype=int64), array([2], dtype=int64), array([42], dtype=int64), array([0], dtype=int64), array([57], dtype=int64), array([24], dtype=int64), array([41], dtype=int64), array([0], dtype=int64), array([3], dtype=int64), array([0], dtype=int64)]","[92.01567077636719, 68.74039459228516, 99.0003890991211, 98.99996948242188, 56.99740219116211, 55.29494857788086, 98.99996948242188, 59.478515625, 58.32210922241211, 47.750118255615234, 47.192684173583984, 54.0667839050293, 60.49602127075195, 49.48409652709961, 37.89030838012695, 41.33900833129883, 35.245304107666016, 32.29788589477539, 58.2155876159668, 29.560808181762695, 27.852123260498047, 30.92735481262207, 31.052011489868164, 30.0179386138916, 27.863300323486328, 31.425617218017578, 27.42474937438965, 26.66402244567871, 24.80594253540039, 28.508373260498047, 22.01812171936035, 23.673669815063477, 17.676952362060547, 14.15934944152832, 22.29269027709961, 15.830571174621582, 22.058195114135742, 21.969005584716797, 17.119070053100586, 20.293489456176758, 21.735477447509766, 14.042204856872559, 14.155503273010254, 16.984710693359375, 10.699731826782227, 14.27365493774414, 43.71603775024414, 40.935508728027344, 34.79027557373047, 30.003931045532227, 14.762428283691406, 48.06926727294922, 2.818077802658081, 51.32699203491211, 41.03927993774414, 48.02171325683594, -1.2786105871200562, 0.43840694427490234, 6.24492073059082]"
